3.677598536014556885e-01,7.382679730653762817e-02
3.625047802925109863e-01,6.876511871814727783e-02
3.615964949131011963e-01,7.026057690382003784e-02
5.671215653419494629e-01,1.417046636343002319e-01
5.896376371383666992e-01,1.389445066452026367e-01
3.827385604381561279e-01,5.981457605957984924e-02
5.788446068763732910e-01,1.259736716747283936e-01
5.191194415092468262e-01,8.928750455379486084e-02
5.297831892967224121e-01,9.428569674491882324e-02
5.393694639205932617e-01,9.438715875148773193e-02
4.544219970703125000e-01,9.238332509994506836e-02
3.984059989452362061e-01,7.477022707462310791e-02
5.685336589813232422e-01,1.101969033479690552e-01
5.598515868186950684e-01,1.141714379191398621e-01
5.982241630554199219e-01,1.190101206302642822e-01
5.794277787208557129e-01,1.233522072434425354e-01
4.232669472694396973e-01,9.405320137739181519e-02
4.348066747188568115e-01,7.547634094953536987e-02
5.214012861251831055e-01,1.134433746337890625e-01
5.475996732711791992e-01,1.229567676782608032e-01
5.311717987060546875e-01,9.803954511880874634e-02
3.631387054920196533e-01,6.940394639968872070e-02
5.846115946769714355e-01,1.450740844011306763e-01
5.675911307334899902e-01,1.378603279590606689e-01
4.509333074092864990e-01,8.181493729352951050e-02
6.440086960792541504e-01,1.353812664747238159e-01
4.932325184345245361e-01,1.108665317296981812e-01
4.870551228523254395e-01,9.329528361558914185e-02
5.710942745208740234e-01,1.169509068131446838e-01
5.080881714820861816e-01,1.136200204491615295e-01
5.102462172508239746e-01,1.079838350415229797e-01
5.421102046966552734e-01,1.077047660946846008e-01
5.200528502464294434e-01,9.206228703260421753e-02
4.624110162258148193e-01,8.673562854528427124e-02
5.525102615356445312e-01,1.115360483527183533e-01
5.770308375358581543e-01,1.179595738649368286e-01
4.634461402893066406e-01,1.179008558392524719e-01
5.549724698066711426e-01,1.074770241975784302e-01
5.613759160041809082e-01,1.194838732481002808e-01
5.365976691246032715e-01,1.103006228804588318e-01
5.364341139793395996e-01,1.140956506133079529e-01
5.722688436508178711e-01,1.138361692428588867e-01
4.824568629264831543e-01,1.167402565479278564e-01
5.076195597648620605e-01,1.132498756051063538e-01
5.701228380203247070e-01,1.035314425826072693e-01
5.702846050262451172e-01,1.029716730117797852e-01
5.264385938644409180e-01,1.143631190061569214e-01
5.783976912498474121e-01,1.106566786766052246e-01
5.563315749168395996e-01,1.163994893431663513e-01
5.294327735900878906e-01,8.682341128587722778e-02
4.945133328437805176e-01,1.053384393453598022e-01
6.034420728683471680e-01,1.122598946094512939e-01
4.551810920238494873e-01,8.364854007959365845e-02
5.606471300125122070e-01,1.062751114368438721e-01
5.664489269256591797e-01,9.216893464326858521e-02
4.573999047279357910e-01,8.362359553575515747e-02
4.248691201210021973e-01,8.212538063526153564e-02
5.937789082527160645e-01,1.184939593076705933e-01
5.999858975410461426e-01,1.262028217315673828e-01
5.494686961174011230e-01,1.131456494331359863e-01
5.473311543464660645e-01,1.131872609257698059e-01
6.128501892089843750e-01,9.392357617616653442e-02
5.627463459968566895e-01,1.188740655779838562e-01
4.320982694625854492e-01,8.424679934978485107e-02
5.749815702438354492e-01,1.350933164358139038e-01
5.149085521697998047e-01,9.392348676919937134e-02
4.803914129734039307e-01,9.008584916591644287e-02
5.057608485221862793e-01,8.579307794570922852e-02
4.388123452663421631e-01,8.806460350751876831e-02
3.916035592555999756e-01,7.714441418647766113e-02
5.096887946128845215e-01,1.025802567601203918e-01
5.648920536041259766e-01,8.844914287328720093e-02
5.893551111221313477e-01,1.274012774229049683e-01
5.369368791580200195e-01,9.463086724281311035e-02
5.467818379402160645e-01,1.057780608534812927e-01
5.408778786659240723e-01,1.116651892662048340e-01
5.601782798767089844e-01,1.097693592309951782e-01
5.359919667243957520e-01,1.078741773962974548e-01
5.834828019142150879e-01,1.196270808577537537e-01
5.679402947425842285e-01,1.054318547248840332e-01
5.180277824401855469e-01,8.614763617515563965e-02
3.652676641941070557e-01,7.367193698883056641e-02
6.103158593177795410e-01,1.097344607114791870e-01
5.580637454986572266e-01,1.159088686108589172e-01
5.926285982131958008e-01,1.093784198164939880e-01
5.706833004951477051e-01,1.053428649902343750e-01
5.740374326705932617e-01,1.117752790451049805e-01
5.624062418937683105e-01,1.290043443441390991e-01
6.110091209411621094e-01,9.804391860961914062e-02
6.106662750244140625e-01,9.724199771881103516e-02
4.083144962787628174e-01,6.385026127099990845e-02
5.409145355224609375e-01,1.186770647764205933e-01
4.933046996593475342e-01,7.856933027505874634e-02
4.450017809867858887e-01,6.793380528688430786e-02
4.198494851589202881e-01,7.127612084150314331e-02
5.622326731681823730e-01,1.027950197458267212e-01
4.231721758842468262e-01,7.497271895408630371e-02
5.151257514953613281e-01,9.498237818479537964e-02
4.972647130489349365e-01,8.932232111692428589e-02
5.672725439071655273e-01,1.173349469900131226e-01
5.766254663467407227e-01,1.105171069502830505e-01
5.788071751594543457e-01,1.037105470895767212e-01
4.986052513122558594e-01,9.286975860595703125e-02
5.779497027397155762e-01,1.108806878328323364e-01
5.060153603553771973e-01,7.736751437187194824e-02
5.515039563179016113e-01,1.078355014324188232e-01
5.445687770843505859e-01,1.105434745550155640e-01
5.948610901832580566e-01,1.025508642196655273e-01
5.332088470458984375e-01,1.169925406575202942e-01
4.679223001003265381e-01,8.143708854913711548e-02
5.271989703178405762e-01,9.952976554632186890e-02
5.630845427513122559e-01,8.786802738904953003e-02
4.885099530220031738e-01,7.866875082254409790e-02
5.555468201637268066e-01,8.533113449811935425e-02
5.814425349235534668e-01,9.885884076356887817e-02
5.592880845069885254e-01,8.954849094152450562e-02
6.057229042053222656e-01,9.356673806905746460e-02
6.062006354331970215e-01,9.228095412254333496e-02
5.403793454170227051e-01,8.626548200845718384e-02
5.517547130584716797e-01,8.781685680150985718e-02
4.532966613769531250e-01,7.543601840734481812e-02
5.788284540176391602e-01,1.023579463362693787e-01
5.965713262557983398e-01,8.760046958923339844e-02
5.929192900657653809e-01,9.747730940580368042e-02
4.790201485157012939e-01,7.854400575160980225e-02
5.581731796264648438e-01,7.914363592863082886e-02
4.795746505260467529e-01,7.789245247840881348e-02
5.792378187179565430e-01,9.972667694091796875e-02
5.494082570075988770e-01,1.020155921578407288e-01
5.461640357971191406e-01,1.012032404541969299e-01
5.447198152542114258e-01,1.035290509462356567e-01
5.276135802268981934e-01,9.417752176523208618e-02
5.375465750694274902e-01,9.897290915250778198e-02
5.041489601135253906e-01,9.244702011346817017e-02
5.142391920089721680e-01,9.109429270029067993e-02
5.627804994583129883e-01,1.027631983160972595e-01
5.747077465057373047e-01,1.073242425918579102e-01
5.462608337402343750e-01,1.058296337723731995e-01
3.884893357753753662e-01,6.823166459798812866e-02
3.674452006816864014e-01,7.098038494586944580e-02
5.484914183616638184e-01,9.451775997877120972e-02
5.519027113914489746e-01,9.082012623548507690e-02
5.807115435600280762e-01,1.035144776105880737e-01
5.608348250389099121e-01,9.974841773509979248e-02
5.627169609069824219e-01,1.048183366656303406e-01
6.065076589584350586e-01,9.841646254062652588e-02
5.507656335830688477e-01,1.018531024456024170e-01
4.947333335876464844e-01,9.388473629951477051e-02
5.713591575622558594e-01,9.749371558427810669e-02
5.677281618118286133e-01,9.590900689363479614e-02
4.179057776927947998e-01,7.170422375202178955e-02
4.938935637474060059e-01,7.980861514806747437e-02
5.770479440689086914e-01,1.014557182788848877e-01
5.598633885383605957e-01,1.104357242584228516e-01
5.394272208213806152e-01,9.869805723428726196e-02
5.364187359809875488e-01,9.400852769613265991e-02
4.172697365283966064e-01,7.080180197954177856e-02
4.991380274295806885e-01,8.902399241924285889e-02
5.209802985191345215e-01,8.746799826622009277e-02
5.721404552459716797e-01,1.005590930581092834e-01
5.905591845512390137e-01,1.134467795491218567e-01
4.845654070377349854e-01,9.433756768703460693e-02
4.174180626869201660e-01,7.237508893013000488e-02
5.628597736358642578e-01,8.639675378799438477e-02
5.542474389076232910e-01,8.317408710718154907e-02
5.119949579238891602e-01,7.852201908826828003e-02
5.531708002090454102e-01,9.382203966379165649e-02
4.655727148056030273e-01,7.755864411592483521e-02
5.212098360061645508e-01,8.344903588294982910e-02
5.012403130531311035e-01,7.782537490129470825e-02
4.782109260559082031e-01,6.826530396938323975e-02
5.313637852668762207e-01,1.009677946567535400e-01
4.737205803394317627e-01,8.983244746923446655e-02
5.228931307792663574e-01,9.931263327598571777e-02
4.806658625602722168e-01,7.647491991519927979e-02
5.420052409172058105e-01,9.130546450614929199e-02
5.359998345375061035e-01,8.913895487785339355e-02
5.155137181282043457e-01,7.965468615293502808e-02
5.180991888046264648e-01,7.968953251838684082e-02
5.231603384017944336e-01,7.957921922206878662e-02
5.387057065963745117e-01,8.537778258323669434e-02
4.247576594352722168e-01,7.166402041912078857e-02
5.413820743560791016e-01,8.035007119178771973e-02
5.509074330329895020e-01,8.746944367885589600e-02
5.652307868003845215e-01,9.178784489631652832e-02
5.660299658775329590e-01,1.002887338399887085e-01
5.645289421081542969e-01,9.382350742816925049e-02
5.610433220863342285e-01,9.688267111778259277e-02
5.850422382354736328e-01,1.070470809936523438e-01
5.406699180603027344e-01,8.513791859149932861e-02
5.814462900161743164e-01,9.486787766218185425e-02
5.423389673233032227e-01,9.150812774896621704e-02
5.095531940460205078e-01,8.015853166580200195e-02
5.162181258201599121e-01,8.106986433267593384e-02
5.230583548545837402e-01,8.079953491687774658e-02
5.222867131233215332e-01,7.760403305292129517e-02
4.981033802032470703e-01,7.393858581781387329e-02
5.258846879005432129e-01,8.440060913562774658e-02
5.345920920372009277e-01,8.428611606359481812e-02
5.888788104057312012e-01,1.097070500254631042e-01
5.943772196769714355e-01,1.101537123322486877e-01
5.848434567451477051e-01,1.119121387600898743e-01
5.692507028579711914e-01,1.001487076282501221e-01
5.161606669425964355e-01,7.801099121570587158e-02
5.444557666778564453e-01,1.047184467315673828e-01
5.509841442108154297e-01,8.332142978906631470e-02
4.313826560974121094e-01,7.434666901826858521e-02
4.332967102527618408e-01,6.864707171916961670e-02
5.334712266921997070e-01,8.647000789642333984e-02
5.152854919433593750e-01,7.943028211593627930e-02
5.227490067481994629e-01,8.043641597032546997e-02
5.497475862503051758e-01,8.475022763013839722e-02
5.732754468917846680e-01,1.065839901566505432e-01
5.616857409477233887e-01,9.251296520233154297e-02
5.627628564834594727e-01,9.238695353269577026e-02
5.571095347404479980e-01,9.965763986110687256e-02
5.168595910072326660e-01,8.041670173406600952e-02
5.027594566345214844e-01,7.413024455308914185e-02
