3.609139919281005859e-01,5.168945528566837311e-03,0.000000000000000000e+00,0.000000000000000000e+00
3.548197746276855469e-01,4.385149106383323669e-03,0.000000000000000000e+00,0.000000000000000000e+00
3.539039492607116699e-01,4.634750075638294220e-03,0.000000000000000000e+00,0.000000000000000000e+00
5.711490511894226074e-01,1.967116445302963257e-02,0.000000000000000000e+00,0.000000000000000000e+00
5.900659561157226562e-01,1.976879872381687164e-02,0.000000000000000000e+00,0.000000000000000000e+00
3.758648037910461426e-01,3.469886258244514465e-03,0.000000000000000000e+00,0.000000000000000000e+00
5.788556933403015137e-01,1.650010980665683746e-02,0.000000000000000000e+00,0.000000000000000000e+00
5.150861144065856934e-01,7.821502164006233215e-03,0.000000000000000000e+00,0.000000000000000000e+00
5.268097519874572754e-01,8.675580844283103943e-03,0.000000000000000000e+00,0.000000000000000000e+00
5.156140327453613281e-01,8.482645265758037567e-03,0.000000000000000000e+00,0.000000000000000000e+00
4.462715089321136475e-01,8.220632560551166534e-03,0.000000000000000000e+00,0.000000000000000000e+00
3.978552520275115967e-01,5.704016424715518951e-03,0.000000000000000000e+00,0.000000000000000000e+00
5.513983964920043945e-01,1.158631872385740280e-02,0.000000000000000000e+00,0.000000000000000000e+00
5.635825991630554199e-01,1.363067515194416046e-02,0.000000000000000000e+00,0.000000000000000000e+00
5.832338929176330566e-01,1.333841308951377869e-02,0.000000000000000000e+00,0.000000000000000000e+00
5.994320511817932129e-01,1.667407900094985962e-02,0.000000000000000000e+00,0.000000000000000000e+00
4.227924048900604248e-01,8.953393436968326569e-03,0.000000000000000000e+00,0.000000000000000000e+00
4.210387468338012695e-01,5.123002920299768448e-03,0.000000000000000000e+00,0.000000000000000000e+00
5.272014141082763672e-01,1.383864134550094604e-02,0.000000000000000000e+00,0.000000000000000000e+00
5.491822361946105957e-01,1.575322821736335754e-02,0.000000000000000000e+00,0.000000000000000000e+00
5.238977670669555664e-01,9.484468027949333191e-03,0.000000000000000000e+00,0.000000000000000000e+00
3.599670827388763428e-01,4.727802705019712448e-03,0.000000000000000000e+00,0.000000000000000000e+00
6.042677760124206543e-01,2.318656630814075470e-02,0.000000000000000000e+00,0.000000000000000000e+00
5.825896263122558594e-01,2.075939439237117767e-02,0.000000000000000000e+00,0.000000000000000000e+00
4.579331278800964355e-01,7.051812019199132919e-03,0.000000000000000000e+00,0.000000000000000000e+00
6.404821872711181641e-01,1.640754751861095428e-02,0.000000000000000000e+00,0.000000000000000000e+00
4.923464357852935791e-01,1.171349082142114639e-02,0.000000000000000000e+00,0.000000000000000000e+00
4.787374436855316162e-01,8.240278810262680054e-03,0.000000000000000000e+00,0.000000000000000000e+00
5.771504044532775879e-01,1.354652643203735352e-02,0.000000000000000000e+00,0.000000000000000000e+00
4.899017810821533203e-01,1.191479619592428207e-02,0.000000000000000000e+00,0.000000000000000000e+00
5.143530964851379395e-01,1.224321871995925903e-02,0.000000000000000000e+00,0.000000000000000000e+00
5.365273356437683105e-01,1.112242694944143295e-02,0.000000000000000000e+00,0.000000000000000000e+00
5.236095190048217773e-01,8.332328870892524719e-03,0.000000000000000000e+00,0.000000000000000000e+00
4.491895735263824463e-01,7.582658901810646057e-03,0.000000000000000000e+00,0.000000000000000000e+00
5.409610867500305176e-01,1.144289225339889526e-02,0.000000000000000000e+00,0.000000000000000000e+00
5.914814472198486328e-01,1.368412561714649200e-02,0.000000000000000000e+00,0.000000000000000000e+00
4.666916728019714355e-01,1.413178723305463791e-02,0.000000000000000000e+00,0.000000000000000000e+00
5.658599734306335449e-01,1.195389498025178909e-02,0.000000000000000000e+00,0.000000000000000000e+00
5.534275770187377930e-01,1.328967045992612839e-02,0.000000000000000000e+00,0.000000000000000000e+00
5.319404006004333496e-01,1.231839600950479507e-02,0.000000000000000000e+00,0.000000000000000000e+00
5.310103893280029297e-01,1.301186811178922653e-02,0.000000000000000000e+00,0.000000000000000000e+00
5.668077468872070312e-01,1.270095165818929672e-02,0.000000000000000000e+00,0.000000000000000000e+00
4.561275839805603027e-01,1.312755700200796127e-02,0.000000000000000000e+00,0.000000000000000000e+00
4.751165807247161865e-01,1.181001774966716766e-02,0.000000000000000000e+00,0.000000000000000000e+00
5.489519238471984863e-01,9.824505075812339783e-03,0.000000000000000000e+00,0.000000000000000000e+00
5.742308497428894043e-01,1.082910969853401184e-02,0.000000000000000000e+00,0.000000000000000000e+00
5.227612853050231934e-01,1.302674878388643265e-02,0.000000000000000000e+00,0.000000000000000000e+00
5.618552565574645996e-01,1.184431649744510651e-02,0.000000000000000000e+00,0.000000000000000000e+00
5.545294284820556641e-01,1.338771637529134750e-02,0.000000000000000000e+00,0.000000000000000000e+00
5.434454679489135742e-01,8.068959228694438934e-03,0.000000000000000000e+00,0.000000000000000000e+00
4.882537126541137695e-01,1.055982708930969238e-02,0.000000000000000000e+00,0.000000000000000000e+00
5.880880951881408691e-01,1.178884319961071014e-02,0.000000000000000000e+00,0.000000000000000000e+00
4.443245530128479004e-01,6.866854615509510040e-03,0.000000000000000000e+00,0.000000000000000000e+00
5.425552725791931152e-01,1.094556413590908051e-02,0.000000000000000000e+00,0.000000000000000000e+00
5.765786170959472656e-01,8.771347813308238983e-03,0.000000000000000000e+00,0.000000000000000000e+00
4.484193325042724609e-01,6.781422533094882965e-03,0.000000000000000000e+00,0.000000000000000000e+00
4.247820377349853516e-01,6.720933131873607635e-03,0.000000000000000000e+00,0.000000000000000000e+00
5.701786875724792480e-01,1.244222279638051987e-02,0.000000000000000000e+00,0.000000000000000000e+00
5.634315013885498047e-01,1.259904541075229645e-02,0.000000000000000000e+00,0.000000000000000000e+00
5.388937592506408691e-01,1.260850299149751663e-02,0.000000000000000000e+00,0.000000000000000000e+00
5.355729460716247559e-01,1.255973987281322479e-02,0.000000000000000000e+00,0.000000000000000000e+00
6.295257806777954102e-01,9.499201551079750061e-03,0.000000000000000000e+00,0.000000000000000000e+00
5.417853593826293945e-01,1.320900302380323410e-02,0.000000000000000000e+00,0.000000000000000000e+00
4.165059924125671387e-01,6.853635422885417938e-03,0.000000000000000000e+00,0.000000000000000000e+00
5.812837481498718262e-01,1.976491138339042664e-02,0.000000000000000000e+00,0.000000000000000000e+00
5.022829771041870117e-01,8.357109501957893372e-03,0.000000000000000000e+00,0.000000000000000000e+00
4.819288551807403564e-01,8.088407106697559357e-03,0.000000000000000000e+00,0.000000000000000000e+00
5.062308907508850098e-01,7.403754163533449173e-03,0.000000000000000000e+00,0.000000000000000000e+00
4.172465205192565918e-01,7.327320054173469543e-03,0.000000000000000000e+00,0.000000000000000000e+00
3.927421569824218750e-01,5.810671485960483551e-03,0.000000000000000000e+00,0.000000000000000000e+00
4.957164525985717773e-01,9.851861745119094849e-03,0.000000000000000000e+00,0.000000000000000000e+00
5.876494646072387695e-01,8.469194173812866211e-03,0.000000000000000000e+00,0.000000000000000000e+00
5.718607306480407715e-01,1.551913563162088394e-02,0.000000000000000000e+00,0.000000000000000000e+00
5.222249031066894531e-01,8.769574575126171112e-03,0.000000000000000000e+00,0.000000000000000000e+00
5.533406138420104980e-01,1.139743439853191376e-02,0.000000000000000000e+00,0.000000000000000000e+00
5.253533720970153809e-01,1.232522074133157730e-02,0.000000000000000000e+00,0.000000000000000000e+00
5.521777868270874023e-01,1.149266678839921951e-02,0.000000000000000000e+00,0.000000000000000000e+00
5.323052406311035156e-01,1.148102059960365295e-02,0.000000000000000000e+00,0.000000000000000000e+00
5.606932640075683594e-01,1.339107006788253784e-02,0.000000000000000000e+00,0.000000000000000000e+00
5.693324208259582520e-01,1.101793162524700165e-02,0.000000000000000000e+00,0.000000000000000000e+00
5.348079204559326172e-01,7.733687292784452438e-03,0.000000000000000000e+00,0.000000000000000000e+00
3.570463955402374268e-01,5.237627774477005005e-03,0.000000000000000000e+00,0.000000000000000000e+00
6.046286821365356445e-01,1.173396781086921692e-02,0.000000000000000000e+00,0.000000000000000000e+00
5.500949621200561523e-01,1.266899518668651581e-02,0.000000000000000000e+00,0.000000000000000000e+00
5.799669623374938965e-01,1.124639809131622314e-02,0.000000000000000000e+00,0.000000000000000000e+00
5.579527616500854492e-01,1.067103631794452667e-02,0.000000000000000000e+00,0.000000000000000000e+00
5.663369297981262207e-01,1.178637333214282990e-02,0.000000000000000000e+00,0.000000000000000000e+00
5.626756548881530762e-01,1.610946841537952423e-02,0.000000000000000000e+00,0.000000000000000000e+00
5.824295282363891602e-01,8.664105087518692017e-03,0.000000000000000000e+00,0.000000000000000000e+00
5.807684659957885742e-01,8.533560670912265778e-03,0.000000000000000000e+00,0.000000000000000000e+00
4.099633097648620605e-01,4.125444218516349792e-03,0.000000000000000000e+00,0.000000000000000000e+00
5.388112068176269531e-01,1.355809345841407776e-02,0.000000000000000000e+00,0.000000000000000000e+00
4.832462072372436523e-01,5.888463929295539856e-03,0.000000000000000000e+00,0.000000000000000000e+00
4.299862980842590332e-01,4.351253155618906021e-03,0.000000000000000000e+00,0.000000000000000000e+00
4.165718853473663330e-01,4.865906666964292526e-03,0.000000000000000000e+00,0.000000000000000000e+00
5.517544746398925781e-01,1.037522312253713608e-02,0.000000000000000000e+00,0.000000000000000000e+00
4.129616320133209229e-01,5.382984876632690430e-03,0.000000000000000000e+00,0.000000000000000000e+00
5.097533464431762695e-01,9.007310494780540466e-03,0.000000000000000000e+00,0.000000000000000000e+00
4.896507859230041504e-01,7.821657694876194000e-03,0.000000000000000000e+00,0.000000000000000000e+00
5.589089989662170410e-01,1.332472078502178192e-02,0.000000000000000000e+00,0.000000000000000000e+00
5.636373162269592285e-01,1.146633271127939224e-02,0.000000000000000000e+00,0.000000000000000000e+00
5.878516435623168945e-01,1.136239990592002869e-02,0.000000000000000000e+00,0.000000000000000000e+00
4.985169470310211182e-01,8.461900055408477783e-03,0.000000000000000000e+00,0.000000000000000000e+00
5.668698549270629883e-01,1.171769946813583374e-02,0.000000000000000000e+00,0.000000000000000000e+00
5.012015104293823242e-01,6.186439655721187592e-03,0.000000000000000000e+00,0.000000000000000000e+00
5.294097065925598145e-01,1.073514204472303391e-02,0.000000000000000000e+00,0.000000000000000000e+00
5.319437384605407715e-01,1.154962833970785141e-02,0.000000000000000000e+00,0.000000000000000000e+00
5.740078687667846680e-01,9.736850857734680176e-03,0.000000000000000000e+00,0.000000000000000000e+00
5.239788889884948730e-01,1.301895920187234879e-02,0.000000000000000000e+00,0.000000000000000000e+00
4.386845231056213379e-01,5.820590071380138397e-03,0.000000000000000000e+00,0.000000000000000000e+00
5.032135248184204102e-01,9.344140999019145966e-03,0.000000000000000000e+00,0.000000000000000000e+00
5.316872596740722656e-01,7.101595401763916016e-03,0.000000000000000000e+00,0.000000000000000000e+00
4.747659265995025635e-01,5.910265725106000900e-03,0.000000000000000000e+00,0.000000000000000000e+00
5.421422719955444336e-01,6.721916608512401581e-03,0.000000000000000000e+00,0.000000000000000000e+00
5.756744742393493652e-01,9.800089523196220398e-03,0.000000000000000000e+00,0.000000000000000000e+00
5.678214430809020996e-01,8.253865875303745270e-03,0.000000000000000000e+00,0.000000000000000000e+00
5.973191857337951660e-01,8.146774023771286011e-03,0.000000000000000000e+00,0.000000000000000000e+00
5.965154767036437988e-01,8.097295649349689484e-03,0.000000000000000000e+00,0.000000000000000000e+00
5.239152312278747559e-01,6.978059187531471252e-03,0.000000000000000000e+00,0.000000000000000000e+00
5.354079008102416992e-01,7.448344025760889053e-03,0.000000000000000000e+00,0.000000000000000000e+00
4.400064349174499512e-01,5.459826439619064331e-03,0.000000000000000000e+00,0.000000000000000000e+00
5.804023742675781250e-01,1.062982436269521713e-02,0.000000000000000000e+00,0.000000000000000000e+00
5.944070816040039062e-01,7.555805146694183350e-03,0.000000000000000000e+00,0.000000000000000000e+00
5.648919939994812012e-01,8.676633238792419434e-03,0.000000000000000000e+00,0.000000000000000000e+00
4.590450227260589600e-01,5.605118814855813980e-03,0.000000000000000000e+00,0.000000000000000000e+00
5.435019731521606445e-01,6.082532927393913269e-03,0.000000000000000000e+00,0.000000000000000000e+00
4.595759510993957520e-01,5.647057201713323593e-03,0.000000000000000000e+00,0.000000000000000000e+00
5.732617378234863281e-01,9.861562401056289673e-03,0.000000000000000000e+00,0.000000000000000000e+00
5.558052659034729004e-01,1.025132276117801666e-02,0.000000000000000000e+00,0.000000000000000000e+00
5.581690073013305664e-01,1.081470493227243423e-02,0.000000000000000000e+00,0.000000000000000000e+00
5.551482439041137695e-01,1.112836785614490509e-02,0.000000000000000000e+00,0.000000000000000000e+00
5.218731760978698730e-01,8.507284335792064667e-03,0.000000000000000000e+00,0.000000000000000000e+00
5.288450717926025391e-01,9.858620353043079376e-03,0.000000000000000000e+00,0.000000000000000000e+00
4.768329858779907227e-01,7.558413781225681305e-03,0.000000000000000000e+00,0.000000000000000000e+00
4.846014976501464844e-01,7.546207401901483536e-03,0.000000000000000000e+00,0.000000000000000000e+00
5.540248155593872070e-01,1.054597366601228714e-02,0.000000000000000000e+00,0.000000000000000000e+00
5.691817402839660645e-01,1.128680352121591568e-02,0.000000000000000000e+00,0.000000000000000000e+00
5.343588590621948242e-01,1.077738869935274124e-02,0.000000000000000000e+00,0.000000000000000000e+00
3.844463527202606201e-01,4.510614555329084396e-03,0.000000000000000000e+00,0.000000000000000000e+00
3.638245165348052979e-01,4.942507017403841019e-03,0.000000000000000000e+00,0.000000000000000000e+00
5.296166539192199707e-01,8.258193731307983398e-03,0.000000000000000000e+00,0.000000000000000000e+00
5.384877920150756836e-01,7.969862781465053558e-03,0.000000000000000000e+00,0.000000000000000000e+00
5.654839277267456055e-01,1.021994836628437042e-02,0.000000000000000000e+00,0.000000000000000000e+00
5.445052981376647949e-01,9.475145488977432251e-03,0.000000000000000000e+00,0.000000000000000000e+00
5.463278889656066895e-01,1.025909185409545898e-02,0.000000000000000000e+00,0.000000000000000000e+00
5.832046866416931152e-01,9.278478100895881653e-03,0.000000000000000000e+00,0.000000000000000000e+00
5.499635934829711914e-01,1.036959234625101089e-02,0.000000000000000000e+00,0.000000000000000000e+00
4.821937382221221924e-01,8.325461298227310181e-03,0.000000000000000000e+00,0.000000000000000000e+00
5.697410702705383301e-01,9.364589117467403412e-03,0.000000000000000000e+00,0.000000000000000000e+00
5.658139586448669434e-01,9.106396697461605072e-03,0.000000000000000000e+00,0.000000000000000000e+00
4.090416133403778076e-01,4.847999662160873413e-03,0.000000000000000000e+00,0.000000000000000000e+00
4.797459244728088379e-01,5.917574279010295868e-03,0.000000000000000000e+00,0.000000000000000000e+00
5.742764472961425781e-01,1.012342516332864761e-02,0.000000000000000000e+00,0.000000000000000000e+00
5.611766576766967773e-01,1.199437677860260010e-02,0.000000000000000000e+00,0.000000000000000000e+00
5.305776596069335938e-01,9.532384574413299561e-03,0.000000000000000000e+00,0.000000000000000000e+00
5.584778189659118652e-01,9.425398893654346466e-03,0.000000000000000000e+00,0.000000000000000000e+00
4.089072942733764648e-01,4.781325813382863998e-03,0.000000000000000000e+00,0.000000000000000000e+00
4.864071309566497803e-01,7.425154093652963638e-03,0.000000000000000000e+00,0.000000000000000000e+00
5.385861992835998535e-01,8.072740398347377777e-03,0.000000000000000000e+00,0.000000000000000000e+00
5.711157321929931641e-01,1.020904071629047394e-02,0.000000000000000000e+00,0.000000000000000000e+00
5.739539265632629395e-01,1.244776695966720581e-02,0.000000000000000000e+00,0.000000000000000000e+00
4.773099422454833984e-01,8.808578364551067352e-03,0.000000000000000000e+00,0.000000000000000000e+00
4.094226956367492676e-01,4.903200082480907440e-03,0.000000000000000000e+00,0.000000000000000000e+00
5.595259070396423340e-01,7.388863246887922287e-03,0.000000000000000000e+00,0.000000000000000000e+00
5.325130820274353027e-01,6.365528795868158340e-03,0.000000000000000000e+00,0.000000000000000000e+00
4.973818361759185791e-01,5.589982960373163223e-03,0.000000000000000000e+00,0.000000000000000000e+00
5.754920244216918945e-01,9.548800997436046600e-03,0.000000000000000000e+00,0.000000000000000000e+00
4.511547982692718506e-01,5.674310959875583649e-03,0.000000000000000000e+00,0.000000000000000000e+00
5.395783185958862305e-01,7.368558552116155624e-03,0.000000000000000000e+00,0.000000000000000000e+00
4.956094026565551758e-01,6.047883536666631699e-03,0.000000000000000000e+00,0.000000000000000000e+00
4.709951877593994141e-01,4.342626780271530151e-03,0.000000000000000000e+00,0.000000000000000000e+00
5.266265273094177246e-01,9.976343251764774323e-03,0.000000000000000000e+00,0.000000000000000000e+00
4.667488932609558105e-01,7.737359963357448578e-03,0.000000000000000000e+00,0.000000000000000000e+00
5.283926725387573242e-01,1.009978726506233215e-02,0.000000000000000000e+00,0.000000000000000000e+00
4.709376096725463867e-01,5.530473310500383377e-03,0.000000000000000000e+00,0.000000000000000000e+00
5.269027352333068848e-01,7.688623387366533279e-03,0.000000000000000000e+00,0.000000000000000000e+00
5.300851464271545410e-01,7.836187258362770081e-03,0.000000000000000000e+00,0.000000000000000000e+00
5.290479660034179688e-01,6.546274293214082718e-03,0.000000000000000000e+00,0.000000000000000000e+00
5.253366827964782715e-01,6.828329060226678848e-03,0.000000000000000000e+00,0.000000000000000000e+00
5.290240645408630371e-01,6.565679330378770828e-03,0.000000000000000000e+00,0.000000000000000000e+00
5.146939158439636230e-01,6.521255243569612503e-03,0.000000000000000000e+00,0.000000000000000000e+00
4.188173115253448486e-01,4.973094910383224487e-03,0.000000000000000000e+00,0.000000000000000000e+00
5.391528606414794922e-01,6.199442781507968903e-03,0.000000000000000000e+00,0.000000000000000000e+00
5.405400395393371582e-01,7.335312664508819580e-03,0.000000000000000000e+00,0.000000000000000000e+00
5.636293292045593262e-01,8.365545421838760376e-03,0.000000000000000000e+00,0.000000000000000000e+00
5.614407658576965332e-01,9.739703498780727386e-03,0.000000000000000000e+00,0.000000000000000000e+00
5.526359677314758301e-01,8.326234295964241028e-03,0.000000000000000000e+00,0.000000000000000000e+00
5.584501028060913086e-01,9.358600713312625885e-03,0.000000000000000000e+00,0.000000000000000000e+00
5.834920406341552734e-01,1.122284494340419769e-02,0.000000000000000000e+00,0.000000000000000000e+00
5.322613716125488281e-01,7.188529707491397858e-03,0.000000000000000000e+00,0.000000000000000000e+00
5.795373320579528809e-01,9.032625705003738403e-03,0.000000000000000000e+00,0.000000000000000000e+00
5.206940174102783203e-01,7.846361026167869568e-03,0.000000000000000000e+00,0.000000000000000000e+00
5.284990668296813965e-01,6.819994188845157623e-03,0.000000000000000000e+00,0.000000000000000000e+00
5.335446596145629883e-01,6.940627470612525940e-03,0.000000000000000000e+00,0.000000000000000000e+00
5.407646894454956055e-01,6.741879507899284363e-03,0.000000000000000000e+00,0.000000000000000000e+00
5.267523527145385742e-01,6.284575443714857101e-03,0.000000000000000000e+00,0.000000000000000000e+00
4.759051799774169922e-01,5.091272294521331787e-03,0.000000000000000000e+00,0.000000000000000000e+00
5.329641103744506836e-01,7.240523118525743484e-03,0.000000000000000000e+00,0.000000000000000000e+00
5.297075510025024414e-01,7.284521125257015228e-03,0.000000000000000000e+00,0.000000000000000000e+00
5.848491787910461426e-01,1.149734668433666229e-02,0.000000000000000000e+00,0.000000000000000000e+00
5.884550809860229492e-01,1.207540743052959442e-02,0.000000000000000000e+00,0.000000000000000000e+00
5.690784454345703125e-01,1.200952474027872086e-02,0.000000000000000000e+00,0.000000000000000000e+00
5.592659115791320801e-01,9.579259902238845825e-03,0.000000000000000000e+00,0.000000000000000000e+00
5.188757181167602539e-01,6.105510052293539047e-03,0.000000000000000000e+00,0.000000000000000000e+00
5.484691858291625977e-01,1.107747480273246765e-02,0.000000000000000000e+00,0.000000000000000000e+00
5.295135974884033203e-01,6.337045226246118546e-03,0.000000000000000000e+00,0.000000000000000000e+00
4.339719414710998535e-01,5.464445333927869797e-03,0.000000000000000000e+00,0.000000000000000000e+00
4.269582033157348633e-01,4.657233599573373795e-03,0.000000000000000000e+00,0.000000000000000000e+00
5.093390345573425293e-01,6.559909321367740631e-03,0.000000000000000000e+00,0.000000000000000000e+00
5.280356407165527344e-01,6.573969498276710510e-03,0.000000000000000000e+00,0.000000000000000000e+00
5.289738774299621582e-01,6.583694368600845337e-03,0.000000000000000000e+00,0.000000000000000000e+00
5.468344688415527344e-01,7.073325570672750473e-03,0.000000000000000000e+00,0.000000000000000000e+00
5.696182250976562500e-01,1.118180714547634125e-02,0.000000000000000000e+00,0.000000000000000000e+00
5.600041747093200684e-01,8.395258337259292603e-03,0.000000000000000000e+00,0.000000000000000000e+00
5.494977235794067383e-01,8.072171360254287720e-03,0.000000000000000000e+00,0.000000000000000000e+00
5.535652637481689453e-01,9.688028134405612946e-03,0.000000000000000000e+00,0.000000000000000000e+00
5.238527059555053711e-01,6.949425209313631058e-03,0.000000000000000000e+00,0.000000000000000000e+00
4.802517592906951904e-01,5.094171967357397079e-03,0.000000000000000000e+00,0.000000000000000000e+00
