7.189537584781646729e-02
6.622045487165451050e-02
6.807900220155715942e-02
1.402539312839508057e-01
1.406015604734420776e-01
5.890573933720588684e-02
1.284527480602264404e-01
8.843925595283508301e-02
9.314280003309249878e-02
9.210127592086791992e-02
9.066770225763320923e-02
7.552494108676910400e-02
1.076397672295570374e-01
1.167504787445068359e-01
1.154920458793640137e-01
1.291281431913375854e-01
9.462237358093261719e-02
7.157515734434127808e-02
1.176377534866333008e-01
1.255118697881698608e-01
9.738823026418685913e-02
6.875901669263839722e-02
1.522713601589202881e-01
1.440812051296234131e-01
8.397506922483444214e-02
1.280919462442398071e-01
1.082288846373558044e-01
9.077598154544830322e-02
1.163895428180694580e-01
1.091549172997474670e-01
1.106490790843963623e-01
1.054629161953926086e-01
9.128159284591674805e-02
8.707846701145172119e-02
1.069714576005935669e-01
1.169791668653488159e-01
1.188771948218345642e-01
1.093338727951049805e-01
1.152808293700218201e-01
1.109882667660713196e-01
1.140695735812187195e-01
1.126984953880310059e-01
1.145755499601364136e-01
1.086739078164100647e-01
9.911864250898361206e-02
1.040630117058753967e-01
1.141347810626029968e-01
1.088315993547439575e-01
1.157052963972091675e-01
8.982738852500915527e-02
1.027610227465629578e-01
1.085764393210411072e-01
8.286648988723754883e-02
1.046210527420043945e-01
9.365547448396682739e-02
8.234938979148864746e-02
8.198129385709762573e-02
1.115447133779525757e-01
1.122454702854156494e-01
1.122875884175300598e-01
1.120702475309371948e-01
9.746384620666503906e-02
1.149304285645484924e-01
8.278668671846389771e-02
1.405877321958541870e-01
9.141723066568374634e-02
8.993557095527648926e-02
8.604507148265838623e-02
8.559976518154144287e-02
7.622776180505752563e-02
9.925654530525207520e-02
9.202822297811508179e-02
1.245758235454559326e-01
9.364600479602813721e-02
1.067587658762931824e-01
1.110190078616142273e-01
1.072038561105728149e-01
1.071495264768600464e-01
1.157197877764701843e-01
1.049663349986076355e-01
8.794138580560684204e-02
7.237146049737930298e-02
1.083234399557113647e-01
1.125566288828849792e-01
1.060490384697914124e-01
1.033007055521011353e-01
1.085650622844696045e-01
1.269230842590332031e-01
9.308117628097534180e-02
9.237727522850036621e-02
6.422962248325347900e-02
1.164392232894897461e-01
7.673633098602294922e-02
6.596402823925018311e-02
6.975605338811874390e-02
1.018588393926620483e-01
7.336882501840591431e-02
9.490685164928436279e-02
8.844013512134552002e-02
1.154327541589736938e-01
1.070809662342071533e-01
1.065945550799369812e-01
9.198858588933944702e-02
1.082483232021331787e-01
7.865392416715621948e-02
1.036105304956436157e-01
1.074691936373710632e-01
9.867548197507858276e-02
1.141006574034690857e-01
7.629279047250747681e-02
9.666509926319122314e-02
8.427096158266067505e-02
7.687824964523315430e-02
8.198729902505874634e-02
9.899540245532989502e-02
9.085078537464141846e-02
9.025948494672775269e-02
8.998497575521469116e-02
8.353477716445922852e-02
8.630379289388656616e-02
7.389064133167266846e-02
1.031010374426841736e-01
8.692413568496704102e-02
9.314844757318496704e-02
7.486733794212341309e-02
7.799059152603149414e-02
7.514690607786178589e-02
9.930539876222610474e-02
1.012488156557083130e-01
1.039937734603881836e-01
1.054910793900489807e-01
9.223493933677673340e-02
9.929058700799942017e-02
8.693914115428924561e-02
8.686891198158264160e-02
1.026935875415802002e-01
1.062393710017204285e-01
1.038141995668411255e-01
6.716110557317733765e-02
7.030296325683593750e-02
9.087460488080978394e-02
8.927408605813980103e-02
1.010937616229057312e-01
9.734036028385162354e-02
1.012871786952018738e-01
9.632485359907150269e-02
1.018311977386474609e-01
9.124396741390228271e-02
9.677080810070037842e-02
9.542743861675262451e-02
6.962757557630538940e-02
7.692576944828033447e-02
1.006152331829071045e-01
1.095188409090042114e-01
9.763392806053161621e-02
9.708449244499206543e-02
6.914713233709335327e-02
8.616933226585388184e-02
8.984842896461486816e-02
1.010397970676422119e-01
1.115695610642433167e-01
9.385402500629425049e-02
7.002285122871398926e-02
8.595849573612213135e-02
7.978426665067672729e-02
7.476618885993957520e-02
9.771796315908432007e-02
7.532802224159240723e-02
8.584030717611312866e-02
7.776813954114913940e-02
6.589861214160919189e-02
9.988164901733398438e-02
8.796226233243942261e-02
1.004977002739906311e-01
7.436715066432952881e-02
8.768479526042938232e-02
8.852224051952362061e-02
8.090905100107192993e-02
8.263370394706726074e-02
8.102887868881225586e-02
8.075428754091262817e-02
7.052017748355865479e-02
7.873654365539550781e-02
8.564644306898117065e-02
9.146335721015930176e-02
9.868993610143661499e-02
9.124819934368133545e-02
9.673985838890075684e-02
1.059379279613494873e-01
8.478520065546035767e-02
9.504012763500213623e-02
8.857968449592590332e-02
8.258325606584548950e-02
8.331042528152465820e-02
8.210895210504531860e-02
7.927531749010086060e-02
7.135315239429473877e-02
8.509126305580139160e-02
8.534940332174301147e-02
1.072256788611412048e-01
1.098881587386131287e-01
1.095879748463630676e-01
9.787369519472122192e-02
7.813776284456253052e-02
1.052495837211608887e-01
7.960555702447891235e-02
7.392188906669616699e-02
6.824392825365066528e-02
8.099326491355895996e-02
8.108001947402954102e-02
8.113996684551239014e-02
8.410306274890899658e-02
1.057440638542175293e-01
9.162564575672149658e-02
8.984526246786117554e-02
9.842777997255325317e-02
8.336321264505386353e-02
7.137347012758255005e-02
