5.077783062930792297e-03,8.948333424104391517e-03,1.127621270203090637e-02,8.953834780106757762e-03,3.965371330354509893e-03,3.721449927474555427e-03,5.387841894614235107e-03,3.539300497801922078e-03,4.084632130702706837e-03,3.762863118278029703e-03,5.396759092836015889e-03,3.481117584581041279e-03
5.056275106590993676e-03,8.968483132975012262e-03,9.329867208315321958e-03,8.343619207997877638e-03,3.950177990310129068e-03,3.804244937118720325e-03,5.588727606046166307e-03,3.550398998438402884e-03,4.020329834688467219e-03,3.722706703318712403e-03,5.544026256819588674e-03,3.552180203819735663e-03
4.663563997355767328e-03,8.708898446041321573e-03,9.570373048516801762e-03,8.274754628119700833e-03,4.033201243678181946e-03,3.743475317412581476e-03,5.349174904517076633e-03,3.486645516324017417e-03,4.171842736370503894e-03,3.917256562126189383e-03,5.697416286762443070e-03,3.625096697994373198e-03
8.680870385720544299e-03,1.414959205773097875e-02,2.019116807768575259e-02,1.539841281010380196e-02,5.256409668819179808e-03,5.463480637812641837e-03,8.169324832994736066e-03,5.188942105892840710e-03,5.460067990331568359e-03,5.449575369487054573e-03,8.364991411704620489e-03,5.461192984142787359e-03
9.298292773720842272e-03,1.569176635007578716e-02,2.103776806958198783e-02,1.597373081899177219e-02,5.598285093969439588e-03,5.506323630744601981e-03,8.231872113037339359e-03,5.370197806546667292e-03,5.727450549858786356e-03,5.869508230857905552e-03,8.301777362953110043e-03,5.408469569109648246e-03
5.681245683673123020e-03,9.951901244281845596e-03,8.909392443669358549e-03,9.555127246464742777e-03,4.970695168266623526e-03,4.627114057664585660e-03,6.497208850504530495e-03,4.263450946016382644e-03,4.959814582075309716e-03,4.747905672694163574e-03,6.050482664150693031e-03,4.076578536516682616e-03
8.235609238476739730e-03,1.345045960949314140e-02,2.189882481932797081e-02,1.621696557090122545e-02,5.861539686344854026e-03,5.733258385316090423e-03,7.742982084276625425e-03,5.115687481646358052e-03,6.076097447967444311e-03,5.753730765647037393e-03,8.137491239077497551e-03,5.328516621886796555e-03
6.836969619307675487e-03,1.317044710715526562e-02,9.931034931229843279e-03,1.033518582289823240e-02,5.858122171362934588e-03,5.589257804965198050e-03,8.886467895102863682e-03,5.389691042333025379e-03,5.830711847386006556e-03,5.579473954831389026e-03,8.382986199588840504e-03,5.239796106554132395e-03
6.786635254815627863e-03,1.307170146631064442e-02,1.040124812010008622e-02,1.099874352471324861e-02,6.029389647548790213e-03,5.677887697171994999e-03,8.579069092945782946e-03,5.496909677038327655e-03,6.047473548226603261e-03,5.646176382685986345e-03,8.398338738388480551e-03,5.354184402559255575e-03
6.454525082086977859e-03,1.209842074974273353e-02,9.840152749545848579e-03,1.059644015105832594e-02,6.282898222147177691e-03,5.751904974121469644e-03,8.453586227621323612e-03,5.425610456115042418e-03,6.277548975532292082e-03,5.772434144865815422e-03,8.564089472992336693e-03,5.563570937631790239e-03
6.983808286226143684e-03,1.160385668230821780e-02,1.051540279001205586e-02,1.004021071779127167e-02,4.894241861950659848e-03,4.531738558594491408e-03,5.802698563877601093e-03,3.827507922115063084e-03,5.100573974976406640e-03,4.444918077275696218e-03,6.520292989936698168e-03,4.081307664690819043e-03
5.995976808438549695e-03,1.025376271629148406e-02,1.094447497678940201e-02,9.472284382086913410e-03,4.297550103460875091e-03,4.041732109811930519e-03,6.139201317539762226e-03,3.869049966594484847e-03,4.452082700620733739e-03,4.152535795698694167e-03,6.004837830859241499e-03,3.779304219693004931e-03
8.303724840605635621e-03,1.453628694630811069e-02,1.355561500306235422e-02,1.313949353465799358e-02,5.798089722463634250e-03,5.563644956395193478e-03,8.536420467895509956e-03,5.547313630171375916e-03,5.637349117743426820e-03,5.488630768315756921e-03,8.546683040124330305e-03,5.210677639486270725e-03
8.699029066552824499e-03,1.496083067560689817e-02,1.930566192539463766e-02,1.712761243071338896e-02,5.847218782449506609e-03,5.625181487511330715e-03,7.884751916786659348e-03,5.191043559309248441e-03,5.758508590769264093e-03,5.625185178431603254e-03,7.994806328281211377e-03,5.121810706992926954e-03
8.877317048789374471e-03,1.524346963018442455e-02,1.416971410651475007e-02,1.312630246526657815e-02,6.104702734029545524e-03,5.880135759884891865e-03,8.063239403552753537e-03,5.240127860440084440e-03,6.083622048983210184e-03,5.805053815506301500e-03,8.635278179439823815e-03,5.508780477925002972e-03
8.722609024584545429e-03,1.542583236651501842e-02,1.923413924174189465e-02,1.574067773547188978e-02,5.958382398182218015e-03,5.536550879198558900e-03,8.670460814750549638e-03,5.487496102492818613e-03,5.932003200960246636e-03,5.503445232628407027e-03,8.888577332053084618e-03,5.581711721219998271e-03
6.747566969583830739e-03,1.022088321851489200e-02,1.213029107168234026e-02,1.079106581709034750e-02,4.492240079137333614e-03,3.943786155697961808e-03,5.850469120717011542e-03,3.641369090482211770e-03,4.437588450722789943e-03,3.964598803617232388e-03,5.914431042118259776e-03,3.634299771135337132e-03
6.186096630630060628e-03,1.083929026589619884e-02,9.959767892935093500e-03,9.882923760533525101e-03,4.772331914236779479e-03,4.528985550983238330e-03,6.530636878098036377e-03,4.523002281184952851e-03,4.766880234086299205e-03,4.599625623879071215e-03,6.329198763710488368e-03,4.290109696853449360e-03
9.421356388465954371e-03,1.542069135425444722e-02,1.848504087716059882e-02,1.501786446995048187e-02,5.302377403380563806e-03,4.987805043074703196e-03,7.569384755137660917e-03,5.020993819248182818e-03,5.189875273926025136e-03,4.976198135929999281e-03,7.597009418189486565e-03,4.959235230614745388e-03
8.236912530943231101e-03,1.384523193019629277e-02,2.121585671268290396e-02,1.796310850456762920e-02,5.648913397567303929e-03,5.499399537374030124e-03,7.000802407441959058e-03,4.723671715974100786e-03,5.763849862260528312e-03,5.507864461614771050e-03,7.409431212762657495e-03,4.967923828132803608e-03
6.159489956941202257e-03,1.179817136119114609e-02,9.449075644152477374e-03,9.922908726217165645e-03,6.264887322107390473e-03,5.505724537271658621e-03,7.751340661098080585e-03,5.114713170605319700e-03,6.370462822857190718e-03,5.638430780058207963e-03,7.940379589194470136e-03,5.182422805007203155e-03
4.130106594471491706e-03,7.946855749179788583e-03,8.355455223349872798e-03,7.377014067420435001e-03,4.325767666733827330e-03,3.762045269962099869e-03,5.480704068639305482e-03,3.517670932945183432e-03,4.240725679730570317e-03,3.755742062048848546e-03,5.477464204468286517e-03,3.541877374915761330e-03
7.940135254474418175e-03,1.343975917637596149e-02,2.116073092763746250e-02,1.694823415925424820e-02,5.523584183462527074e-03,5.485448891829881185e-03,7.659442133920837774e-03,5.003686080569976283e-03,5.622098020956959111e-03,5.469614255342148713e-03,7.902413493793957605e-03,5.077071557722805280e-03
9.070719290732604315e-03,1.444330721446580000e-02,1.829775248927944034e-02,1.553206814885888139e-02,5.499595856771606270e-03,5.186412808344552372e-03,7.416230710197287482e-03,4.812147269386582611e-03,5.517927096183349207e-03,5.229627973105880311e-03,7.711359890216748503e-03,4.997016050560180132e-03
6.739246827230512341e-03,1.180965975350582904e-02,1.022517611773110686e-02,1.039033845779867987e-02,5.535026726735710854e-03,4.923397144539464962e-03,7.458209575704222508e-03,4.717850274162503459e-03,5.650214574322563223e-03,5.085482328943474566e-03,7.509643264655081578e-03,4.723623661058849732e-03
1.258378020718125059e-02,1.700289617739089362e-02,1.582429371593675055e-02,2.024829018297026953e-02,9.076369058256242642e-03,1.029878222528673656e-02,7.490961442608658899e-03,6.462717149239299505e-03,8.856256112496073071e-03,1.001231051846327748e-02,7.123684958629766632e-03,6.460979168992210357e-03
1.363044617996346866e-02,1.544832699536708917e-02,1.402897106803802606e-02,1.550415383448787258e-02,5.132581304558204820e-03,6.297668917297256572e-03,6.857152549940927905e-03,4.893020571397221734e-03,5.516939484289109033e-03,6.510292395137370729e-03,7.140216257840399650e-03,5.154353226955999540e-03
1.467233586635590531e-02,1.697696625189235725e-02,1.289750936140623104e-02,1.528411221116658843e-02,5.351394448467366310e-03,6.173563312599847017e-03,6.451120352142393662e-03,4.654086720515059929e-03,5.532256451631499712e-03,6.275123450410922607e-03,7.291979598154228921e-03,5.150555809153028672e-03
1.714963555883049565e-02,1.997366147356288354e-02,1.713680275709200326e-02,2.019447337681613136e-02,5.943303079590751131e-03,6.905854872166122642e-03,7.300291130259040952e-03,5.546869071507426127e-03,6.333454940284592889e-03,7.359934920010103958e-03,7.686625293904181255e-03,5.696832328263925355e-03
1.499719164035389664e-02,1.671084425707672697e-02,1.388762076843222566e-02,1.543420601980293252e-02,5.599818732236262406e-03,6.117274975180872487e-03,7.348806966094458167e-03,5.223202729683726342e-03,5.405773153738544466e-03,6.021389999991195140e-03,7.161100129191996615e-03,5.070359806682070078e-03
1.614633159852100694e-02,1.858727569949780722e-02,1.576358133066790498e-02,1.727299123432942188e-02,6.346362315612916367e-03,6.973732498912231688e-03,7.095613925547554143e-03,5.169499753030159205e-03,6.068924708737370721e-03,7.235476194708457924e-03,7.564773396414272398e-03,5.426850356116843903e-03
1.749643334760934282e-02,1.931468034907505779e-02,1.451287180410040789e-02,1.665128418503526025e-02,6.016022233242961613e-03,6.827579409082754937e-03,7.185885453446135170e-03,5.223469176350193678e-03,6.225125294075805997e-03,7.142099105197372358e-03,7.140452737332569390e-03,5.352117879343416644e-03
1.677835084009610817e-02,1.921400336197558525e-02,1.791947832467318674e-02,2.010130951270113278e-02,5.159122221520239145e-03,6.538729304306959041e-03,6.742825994119632134e-03,5.536858445723112469e-03,6.072894470155953787e-03,7.266846250985984149e-03,6.366151788593850391e-03,5.314978718826865803e-03
1.208600979103294747e-02,1.471308170480486836e-02,1.482049665341181148e-02,1.638244548952980106e-02,5.505800307342648657e-03,6.197363550001425483e-03,6.431972538699191368e-03,5.013448127688657600e-03,5.910245019346166764e-03,6.839603215654189473e-03,6.247721441859301235e-03,4.939959492645955991e-03
1.573123741010177754e-02,1.871778911072837295e-02,1.475638522623250702e-02,1.714573058397491842e-02,6.550690321958584431e-03,7.721344596207230064e-03,6.900843020754655194e-03,5.453588205475638773e-03,6.906726540576735469e-03,8.233161367526380114e-03,7.416334500407670283e-03,5.722574774976421814e-03
1.654145549356404732e-02,1.961363778388897777e-02,1.642053867839920328e-02,1.879121315238821421e-02,7.292095271685255196e-03,8.572090650202330436e-03,7.531070073047504629e-03,5.710510369012480533e-03,8.018960496426629295e-03,9.647519485543083403e-03,7.818212057878717175e-03,5.978632024657990277e-03
1.671462499385672346e-02,1.880504632389186012e-02,1.384814048258308818e-02,1.526917630859028069e-02,5.377581398174029539e-03,5.798119080407214757e-03,6.557359832579500586e-03,4.734626073986104161e-03,6.258208916684207188e-03,6.844041270412345654e-03,6.650842239176566265e-03,4.687136256390197868e-03
1.788760973162726101e-02,2.040551295175403387e-02,1.789621536102976515e-02,1.996384626727016123e-02,5.615191290369318279e-03,6.931856282742414679e-03,7.446236339885935543e-03,5.917342043718252023e-03,7.063823510365165384e-03,7.941113305581880624e-03,7.419268400372989666e-03,5.653168204866870078e-03
1.562164793796975634e-02,1.794341031776175086e-02,1.505284757834252259e-02,1.717080985671217558e-02,6.567187471541223974e-03,7.743059835472306841e-03,7.501584047660240714e-03,5.457577990937154296e-03,6.865073621779116224e-03,7.614459679823283242e-03,7.598000403518640096e-03,5.588687161654897970e-03
1.645877992887118807e-02,1.849670974625144612e-02,1.618773078997535683e-02,1.850781806003886504e-02,6.040945336138746867e-03,6.811793387623074278e-03,6.777026392740884315e-03,4.994835050787575954e-03,6.018705444534263628e-03,6.951452588602686014e-03,7.316206531624023027e-03,5.396824157591484719e-03
1.528734652470957467e-02,1.786234844081118628e-02,1.666104859978196143e-02,1.867978635093911488e-02,6.305003784736053912e-03,7.344082589760737682e-03,6.866211752167898814e-03,5.544274904095188548e-03,7.042795048265393550e-03,8.633001984328359663e-03,7.652625062146342465e-03,6.143488772796371067e-03
1.793174904199175759e-02,2.052110495978418797e-02,1.724625556025005668e-02,1.887821427693823009e-02,6.043314504223658637e-03,7.123728515614973639e-03,7.371225582723440160e-03,5.543935699053369713e-03,6.214754119722968803e-03,7.268249357852550607e-03,7.577616231143357618e-03,5.580223133618056330e-03
1.314352006979168340e-02,1.493442073252329062e-02,1.486722817867832530e-02,1.587936998327493104e-02,5.699733481824462503e-03,6.423178869139949988e-03,6.456097714388845873e-03,4.877618178835673932e-03,6.235715036561691356e-03,6.914249984672157096e-03,6.163734396256570665e-03,4.746028299117057737e-03
1.340958349747517660e-02,1.563711357378218259e-02,1.341972086911214466e-02,1.469896705978353431e-02,5.583919901153084134e-03,6.469175601039216413e-03,6.704787750564201315e-03,4.883410399614661161e-03,5.478337875443677410e-03,6.194754057814256219e-03,6.963616583154105463e-03,5.262632500907716941e-03
1.705713586684465960e-02,1.995919437014297484e-02,1.604360941808784594e-02,1.869342134213863860e-02,6.099512879587077295e-03,6.877904287864885363e-03,8.051284629559734771e-03,5.656429846378360771e-03,6.612415272703484753e-03,7.273862369902181664e-03,7.603074226176989928e-03,5.410605793256473284e-03
1.672531958246741002e-02,1.961597902832470930e-02,1.701520412656335260e-02,1.949608127631508731e-02,6.325783293756583048e-03,7.964606588078409696e-03,8.315913139511582272e-03,6.341028531404817141e-03,6.930035094150749017e-03,8.159702115169809034e-03,7.879291964722031499e-03,5.963999334806935858e-03
1.827200622006029673e-02,1.975344883363345724e-02,1.616744486455216900e-02,1.797174748279735043e-02,5.562845514146548542e-03,6.490296904100697518e-03,7.161069342539866205e-03,5.312516885338477643e-03,5.893026676432529774e-03,6.800687877278995680e-03,7.083331724929917313e-03,5.401458534317255845e-03
1.598275859662060677e-02,1.852464835604080567e-02,1.591278180579755452e-02,1.870648887996888624e-02,6.697039104955364829e-03,7.742599694261254571e-03,7.647570865270465756e-03,5.831503610547062594e-03,6.884992427547462213e-03,7.627562535983351509e-03,7.740050425939703702e-03,5.957304673590561872e-03
1.626708516221097439e-02,1.852580053022909179e-02,1.474433046390809417e-02,1.743709560549931703e-02,6.540202992017435379e-03,7.488768448175681276e-03,8.238041785215274512e-03,5.799058426388051767e-03,6.391297844767400774e-03,7.046365811438411002e-03,7.687355839895111675e-03,5.574682105047574013e-03
1.616390770767587790e-02,1.889334982429527465e-02,1.831574520878506696e-02,2.105310934053914243e-02,6.319862669179046252e-03,7.806795821081254257e-03,7.337165989292383783e-03,6.044227667483193824e-03,6.699230428001202650e-03,8.443777443365217336e-03,7.308030078669465988e-03,6.036122532919541497e-03
1.601860238845589576e-02,1.762069182475521287e-02,1.496049848684142050e-02,1.616367023113244455e-02,4.717226777410775222e-03,5.844752405757878619e-03,5.677575567658313394e-03,4.322843559734400147e-03,5.484989668532859290e-03,6.856015867042700683e-03,6.350767672740702773e-03,4.795009415769740935e-03
1.019664776797190621e-02,1.543875388284835122e-02,1.092756326654038997e-02,1.452838384679096435e-02,6.412852687312222896e-03,6.413785986367368831e-03,8.170466635205011346e-03,5.670566332740168899e-03,6.175298542990995988e-03,6.316955719045599937e-03,8.206595629141437420e-03,5.494697268528555070e-03
8.136889483122158179e-03,1.284696001273301011e-02,8.096750548328451869e-03,1.072861232918279582e-02,5.196812211559156784e-03,4.762905827012722630e-03,6.115714270584608932e-03,4.143500444399981705e-03,5.080661719290065215e-03,4.783937179008928599e-03,5.900471429431446146e-03,4.162023415829705676e-03
1.074109064327095908e-02,1.689113937660036147e-02,1.000640962693625201e-02,1.401569308783800170e-02,5.661910966889065373e-03,5.698448001267113205e-03,6.906306952088513140e-03,4.833206492538395099e-03,5.636992150940387317e-03,5.776361551144327915e-03,6.771414520331836551e-03,4.604715132552381941e-03
1.358709835867854404e-02,1.873210843278731372e-02,1.100037925899600283e-02,1.425342540187885844e-02,6.016529767723723630e-03,6.694008439526730539e-03,7.519064667341156076e-03,5.278578073986526023e-03,6.014741302130787934e-03,6.738427219823425914e-03,7.801725811596219723e-03,5.348601951845893474e-03
8.459729366773640138e-03,1.353411065220557624e-02,7.932200330718246553e-03,1.038590943085256242e-02,5.439940633624407162e-03,4.847782301643829839e-03,5.972024181032273629e-03,4.097980764624442086e-03,5.329336319658171950e-03,4.875157282253589179e-03,5.918856048840260078e-03,4.124109069668906863e-03
8.013648015918329107e-03,1.317876132260610046e-02,9.958668982979358014e-03,1.127515023993175443e-02,4.727217869103347153e-03,4.445685127780518373e-03,5.588173107258468698e-03,3.987779804074742876e-03,4.691369500146199550e-03,4.621220266154696908e-03,5.723539915536837025e-03,4.112135724575916029e-03
1.086066740410113890e-02,1.708406202549097100e-02,1.107506781502869825e-02,1.563966562289314383e-02,7.003206796160619738e-03,6.500570662016951461e-03,6.595864128404312250e-03,4.942384910366026674e-03,6.952810210650137331e-03,6.637664699144147674e-03,6.773642478438286242e-03,4.951145639888629608e-03
1.184035483829379808e-02,1.809443618418446129e-02,1.139144488409926485e-02,1.660248361093379088e-02,5.620163055065776660e-03,5.745009560771736044e-03,6.639399799395678814e-03,4.700171742206229152e-03,5.342237551884515198e-03,5.624324897423467993e-03,6.630696919232653697e-03,4.715500724563402406e-03
1.342745221536604215e-02,1.898050230924400866e-02,1.079522254750972174e-02,1.580749003947540601e-02,4.817679553308528394e-03,5.181753758870662370e-03,6.077284802848196416e-03,4.525314682033892803e-03,5.174979351228886811e-03,5.518431363361479651e-03,5.904728413726872786e-03,4.555044349142889359e-03
1.084084323126635434e-02,1.705783062290633714e-02,1.018261019410931709e-02,1.385128200967006805e-02,5.640727224095839869e-03,5.256862956364227561e-03,6.897907102225330628e-03,4.808036187989943831e-03,5.654278652469681143e-03,5.550431272777733328e-03,6.840036173500090022e-03,4.740271622837300726e-03
1.554312762612021157e-02,2.114746545331702351e-02,1.335598994841086067e-02,1.718202921891493970e-02,6.279157373934089043e-03,7.164513072266427175e-03,8.224613052092846072e-03,5.705848307436992006e-03,6.253445487221898080e-03,7.259838965668570510e-03,8.135344925414410983e-03,5.595936383323678494e-03
1.134187471336711370e-02,1.615065692676977138e-02,1.049555440719283049e-02,1.286197821054860940e-02,5.580920875782582370e-03,5.862522693589373654e-03,7.311688547115777377e-03,4.915079991342715532e-03,5.526902601853349480e-03,5.731951811157150883e-03,7.354705961321059658e-03,5.043676725224767801e-03
8.100591862625187295e-03,1.230030599392333522e-02,8.568477895025171723e-03,1.181186732572378668e-02,4.353253536029360292e-03,4.212506564230678215e-03,4.808134947208837773e-03,3.682584168515011872e-03,4.379675343269698665e-03,4.343277168556858997e-03,4.907429622562426569e-03,3.631939051811892711e-03
1.027555720984819725e-02,1.648886210590065973e-02,1.005647841561423464e-02,1.222623317500766589e-02,6.743958330517428081e-03,5.963519633375257215e-03,6.601946109412589261e-03,4.724500181774385875e-03,6.221914909619879683e-03,5.561360841558300044e-03,6.847170263210158175e-03,4.777845398383229365e-03
1.085831357901765465e-02,1.607554323933042123e-02,9.820496216150402871e-03,1.227504179587639126e-02,5.003412666772748610e-03,5.221576470141262201e-03,7.631842680053556663e-03,5.205629426816481276e-03,5.065569666474077117e-03,5.347881318476677831e-03,7.093203815204441459e-03,4.674496642610031366e-03
9.659638557133389675e-03,1.370739175753234521e-02,1.338665760469628756e-02,1.143537582579698744e-02,4.689480793233765342e-03,5.282842443290479244e-03,6.799302374776024574e-03,4.343520709356532734e-03,4.993025522840066274e-03,5.637543108999726847e-03,6.903270878894254663e-03,4.413817531696514508e-03
9.212103919188823278e-03,1.352999099795237394e-02,1.086690412494658968e-02,1.256368156057990904e-02,6.104498794064933467e-03,6.790134261864792624e-03,7.362066301663196602e-03,5.008807080177300232e-03,6.260027307494291787e-03,6.796323523838711071e-03,7.737070187447140680e-03,5.446393328196711889e-03
7.880695796019961813e-03,1.195941296058302891e-02,7.339945297767104873e-03,9.342523533564623187e-03,4.522355675239117696e-03,4.580914336471081198e-03,6.218698561376216280e-03,4.202796341598065769e-03,4.903855012409480060e-03,5.153917735912470766e-03,6.082879042624505725e-03,3.970577097486579013e-03
8.300650130267865634e-03,1.156350590718599469e-02,1.043702110086572842e-02,1.029025096670539881e-02,4.294950298935052563e-03,4.463924703974146528e-03,4.730160581286693006e-03,3.554838867845590798e-03,3.864703490057825631e-03,4.207859985838119897e-03,4.828262418393041398e-03,3.776984876729097031e-03
8.628380543814142753e-03,1.272081599929151749e-02,9.255954417774341428e-03,1.176041609230478457e-02,6.449664282171894275e-03,7.293944867389281182e-03,6.281537950736562625e-03,4.310817941174104571e-03,6.268471112633997901e-03,6.887585121824104512e-03,6.161540281488595526e-03,4.607512774464014860e-03
1.167677490538292923e-02,1.835576355747733229e-02,1.148225551739661364e-02,1.582237615710357231e-02,6.875443434649076459e-03,6.876455977646969524e-03,8.242709619420056019e-03,5.668230391969072447e-03,6.942959371895326449e-03,7.014343080670330799e-03,8.363657961717540709e-03,5.664286509520975038e-03
1.101758711478326679e-02,1.616405123926146353e-02,1.134215662817400841e-02,1.355802274744939522e-02,6.894922173398500796e-03,6.685170331151440298e-03,7.449803170381234796e-03,5.368560210290923215e-03,6.133335822637293530e-03,6.316153024423444735e-03,7.427672041703790341e-03,5.219216561978233526e-03
8.946342508138560232e-03,1.368141119912904408e-02,1.052671581927894923e-02,1.330009825717115741e-02,6.678928556018762924e-03,6.656604308238018436e-03,8.563253753198798307e-03,5.818130531013516495e-03,6.453756573651012705e-03,6.375846355387937946e-03,7.847579246768428968e-03,5.455474069170736934e-03
1.106473850582897003e-02,1.803653668795298509e-02,1.121873170945805742e-02,1.621625123815303993e-02,6.636043758391500964e-03,6.378063423925343402e-03,7.451516712617568296e-03,5.392209531292572675e-03,7.223011546930118050e-03,6.864252974061304212e-03,7.615611386168769266e-03,5.335366976509811621e-03
9.948696786455676552e-03,1.374441605643314003e-02,1.045332888390400859e-02,1.271490713500102523e-02,5.861630373978388674e-03,5.928011339768265997e-03,7.230514664663408031e-03,4.957187694093091214e-03,5.925990477968670622e-03,5.828773537057835470e-03,7.221837694424644571e-03,4.971378016460478201e-03
1.074941887468183928e-02,1.635282214766742293e-02,1.081938279464031601e-02,1.528039667298870807e-02,6.107606116967909983e-03,6.347351138932391841e-03,7.846962432608666632e-03,5.490628353021081987e-03,6.031151848594568966e-03,6.333332709557926848e-03,7.999700517395265734e-03,5.611640070452099220e-03
1.049365736486098516e-02,1.696393069159336103e-02,1.080342880417993652e-02,1.433192547962826129e-02,5.848458722599355307e-03,5.930529974971387834e-03,7.879472354078702334e-03,5.547336003942178115e-03,5.953054993392414493e-03,6.010540589914212944e-03,7.651291204774263686e-03,5.257120917144190129e-03
1.048344258480453893e-02,1.586482908047369064e-02,1.002930091293382890e-02,1.324864159596506226e-02,6.286015823171006017e-03,5.809589213440501804e-03,8.150997193050834103e-03,5.505299523398555356e-03,6.381218011703053590e-03,6.014373584482065119e-03,8.064375816867865379e-03,5.442081995343245847e-03
1.035294188974943477e-02,1.478969129202026625e-02,1.120148874679217053e-02,1.437934073525034412e-02,6.614013072838622470e-03,7.146647901345144251e-03,8.189025304011984807e-03,5.581703459744666307e-03,6.814111879536568876e-03,7.171487948229437505e-03,8.115187119461053297e-03,5.616132030353606155e-03
1.098629207189374783e-02,1.605813985151667220e-02,1.132387800557963127e-02,1.420995359318297929e-02,6.532055039241195515e-03,7.264978033969350830e-03,8.085685931439439908e-03,5.672125174112871773e-03,6.426251790893505213e-03,7.127166937342986966e-03,8.375857796878410921e-03,5.967166349077380159e-03
5.833330811511182323e-03,8.670183208070274261e-03,6.661545879352600771e-03,8.904628812431081980e-03,3.946864466525611126e-03,3.886527334926699953e-03,5.091379069162800530e-03,3.511419974223519997e-03,4.229808890650983352e-03,4.023275593956361293e-03,5.098039810401252571e-03,3.547778280195222622e-03
1.262876558143989636e-02,1.974845722661481770e-02,1.124583050549333649e-02,1.775643764866696034e-02,7.375147026674903038e-03,7.428159583047017067e-03,7.716472428840228347e-03,6.009491648506610009e-03,7.935599450744847475e-03,8.104344854005761378e-03,8.034637224525353894e-03,6.035678243648494659e-03
9.581556854921648853e-03,1.375849882958905292e-02,1.011687973466407313e-02,1.338715013633376069e-02,6.603384868745581018e-03,6.539769018750810764e-03,6.874878873125407110e-03,5.127994575445429457e-03,6.388216876261362462e-03,6.620682133407531679e-03,6.791374514540721857e-03,5.019514622862123084e-03
9.294732501098055405e-03,1.406838507410533221e-02,1.059944388882276892e-02,1.324219033931499021e-02,6.338903158543692830e-03,6.390076663829833727e-03,7.188946317309176208e-03,5.013502984767131965e-03,6.118119043316980199e-03,6.341931780475365196e-03,7.063579889418417773e-03,5.082105477617769075e-03
9.909785746143484619e-03,1.423001226317726145e-02,1.043223940131161355e-02,1.388389109882397915e-02,6.751440094060674225e-03,7.010727480210947847e-03,6.940017725079441514e-03,4.905570126574515348e-03,6.887754374427846639e-03,7.787862293787816553e-03,7.193906109026875113e-03,5.034558128745775067e-03
1.055223532883346575e-02,1.603934751371838274e-02,9.547889338949821711e-03,1.332300732713415613e-02,6.215048008980889743e-03,6.381680651735511731e-03,6.733282076117891660e-03,4.842655918516016247e-03,6.246494242507001464e-03,6.214113179406112637e-03,6.847325598094455498e-03,4.984200792873668892e-03
9.149043313818199658e-03,1.344084530511834019e-02,1.022688816862852255e-02,1.221806282920448287e-02,6.527842046994301525e-03,6.356722571516475184e-03,6.523185849795359870e-03,4.784333975308832816e-03,6.499649855157836609e-03,6.589173223218475206e-03,6.472572168618006064e-03,4.720825390577800679e-03
8.433472420990045793e-03,1.381511887864206138e-02,9.620681653159468202e-03,1.146450894754262075e-02,8.217437997211541820e-03,6.869475230765654736e-03,8.674582384770675517e-03,5.698474585760448206e-03,7.866774948306882662e-03,6.904578334649452004e-03,8.802300772523453942e-03,5.721045924971900412e-03
8.558881844329650421e-03,1.373879200660859529e-02,9.535677704004277833e-03,1.134410477542534788e-02,8.213732815071764920e-03,6.793047633702481089e-03,8.611214177446773269e-03,5.632832631871897630e-03,7.780565641800533429e-03,6.735089066236295621e-03,8.729825703535906700e-03,5.591581502178538318e-03
6.088775711057601951e-03,1.062290970017350407e-02,7.224776671310210140e-03,8.605034925243454022e-03,5.501107975245298452e-03,4.880479677704983345e-03,6.331425677433989881e-03,4.176132234477700211e-03,5.431962646402040649e-03,4.820173219788667814e-03,6.355189513793571728e-03,4.138035762553373721e-03
1.252800877410203961e-02,1.593828638562831343e-02,1.117979855286664256e-02,1.310676870844913224e-02,7.576710196960404105e-03,6.882858849187586947e-03,7.670195606549637217e-03,4.975964447275974326e-03,6.421778685682407069e-03,6.004218485903008336e-03,7.747971338741929670e-03,5.087623713742091790e-03
8.198185813011108283e-03,1.338180643019912242e-02,8.126526412774141492e-03,9.903812441342531650e-03,6.132416878799295396e-03,5.723054302097655040e-03,7.141142232426764963e-03,4.562235595507856123e-03,6.220308444438295975e-03,5.802634247949435380e-03,7.124683263722075138e-03,4.570364292886766426e-03
6.434641904974184624e-03,1.109297105483678103e-02,7.546163864568559802e-03,8.719535370128345120e-03,6.001743719477974949e-03,5.073252690018240779e-03,6.819065056666543875e-03,4.389437982635632091e-03,5.862105766290016083e-03,5.078950728163897713e-03,6.719226653881469821e-03,4.312617892726517202e-03
7.868733854759231428e-03,1.129492781176029068e-02,7.970082422676192518e-03,9.286353335011375207e-03,5.693506531094497461e-03,4.884923282544417766e-03,6.370537368587571823e-03,4.277693501847139312e-03,5.574877130690074865e-03,4.910858241188873277e-03,6.244543061620202833e-03,4.103490190525486449e-03
1.115091686544705980e-02,1.541773827256779847e-02,1.030184799829765921e-02,1.166966031736032562e-02,6.767489324826444184e-03,6.272799747524629779e-03,8.197934816042183950e-03,5.238512115915952040e-03,6.633297425165893615e-03,6.151047106148589683e-03,8.239536010737435676e-03,5.273635656152351678e-03
6.789298309704462631e-03,1.050359085976554190e-02,7.306599655663714721e-03,7.914437472093669573e-03,5.272194714799803561e-03,4.779198585584880192e-03,6.555806331994434508e-03,4.052932716161043204e-03,5.178574546408552977e-03,4.851593907017307146e-03,6.617323971105335510e-03,4.056088205915074282e-03
1.125639461057236120e-02,1.468995508784832343e-02,1.167377002129580538e-02,1.208818655541967803e-02,7.009154832569516012e-03,5.907213434916754220e-03,8.192695867370104398e-03,5.293024608632788605e-03,6.286279132548752875e-03,6.035729674191225511e-03,8.426581113649304206e-03,5.259509577645552804e-03
1.039337133808564476e-02,1.386394036116259283e-02,1.159876916081341129e-02,1.264141586856626018e-02,6.890347542159440397e-03,6.224580571072088446e-03,7.565645929147898560e-03,4.930359903214046567e-03,6.846886604916559496e-03,6.062357553866844738e-03,7.595225829427590565e-03,4.880278667144868042e-03
1.071527404030152460e-02,1.477168497889144901e-02,1.013087838897947131e-02,1.072576624000305678e-02,6.935661431896254087e-03,6.238056691023678886e-03,8.209867570719264415e-03,5.200494774380691465e-03,6.776231046075256205e-03,6.222564715763513436e-03,8.420560508645803105e-03,5.230288301286039991e-03
1.214880795141237008e-02,1.661295610290007899e-02,1.191607954072841820e-02,1.345779221085142106e-02,7.051238462980385403e-03,7.068601235722327819e-03,8.499994335613821755e-03,5.428231651723742189e-03,7.353286833491740580e-03,7.146162145491167031e-03,8.665640823169323131e-03,5.578983266496767394e-03
1.327843365608103593e-02,1.762708333275956815e-02,1.201243300589089659e-02,1.446595709244465761e-02,7.681316803670185621e-03,7.527272673041125219e-03,8.232036398309891881e-03,5.666087376995432474e-03,7.739601848361334774e-03,7.512627766869660675e-03,8.091339600218305089e-03,5.491924295810944774e-03
9.293673868599810692e-03,1.331093696779317784e-02,1.029237990703649359e-02,1.129838059826248665e-02,7.109275048445383091e-03,5.753052713005150400e-03,8.310383634091235427e-03,5.190513930569576155e-03,6.481628550555723969e-03,5.546023210365689030e-03,8.259591876508437167e-03,5.157823266249863051e-03
1.102222114736410054e-02,1.486242404587529223e-02,1.015966883865801473e-02,1.129977333205890722e-02,7.157665261537569067e-03,6.374715532456994710e-03,8.535974145645570249e-03,5.363398557127183920e-03,7.157998633484229101e-03,6.391027876116592114e-03,8.477143445074370939e-03,5.481793380353815713e-03
7.613951396940481231e-03,1.308791989242361932e-02,9.641808726658799081e-03,1.116451011441457579e-02,6.954485579182437087e-03,6.175204154721629715e-03,8.311746337964189685e-03,5.371030908926584767e-03,6.823198084892248549e-03,6.133266636682786418e-03,8.420486411880104272e-03,5.441343079152206885e-03
1.103008368774638544e-02,1.541586854448646557e-02,1.034737682785758471e-02,1.181256707452643835e-02,6.482210287199907488e-03,6.111217340355360600e-03,8.018147811309219233e-03,5.161620519589784836e-03,6.383584677355134095e-03,6.133310804321794388e-03,8.094177776696007132e-03,5.134161831057910789e-03
9.739726590802511713e-03,1.427001105465072750e-02,9.769590346452035334e-03,1.070468689988531355e-02,6.808249476345113252e-03,6.658840073505053678e-03,8.117083761096714062e-03,5.094900814850308185e-03,6.856733054663419029e-03,6.706372869852823826e-03,8.320936134917271063e-03,5.126963280115998112e-03
9.818081740094471155e-03,1.465360287207337527e-02,1.050709970967794379e-02,1.273286450713806417e-02,7.449331997243663524e-03,6.539068153735409263e-03,8.982332978153984016e-03,5.780757606638394115e-03,7.859795177712470757e-03,6.456131619600445973e-03,8.178867915450537679e-03,5.542553689001572352e-03
1.159423070591869553e-02,1.524316987736522820e-02,9.719313266192354875e-03,1.154953186395396222e-02,6.993577084234811787e-03,6.367837668905365449e-03,7.725050670085985630e-03,4.878012288086646699e-03,6.648636489103845401e-03,6.133822839239242916e-03,7.856264334797517790e-03,5.004171719134730030e-03
7.669848455613015141e-03,1.168105859502721784e-02,8.433245232232084929e-03,9.032991375533101774e-03,6.270327128034710457e-03,5.117232096412021800e-03,7.422910903998377469e-03,4.585814606491169475e-03,6.161818567343206599e-03,5.146049998000923852e-03,7.800513902524903141e-03,4.776561001316649395e-03
1.099084440309321987e-02,1.507530869204406869e-02,1.127144189945179960e-02,1.221492198192447066e-02,6.124558154904164581e-03,5.574004645622442251e-03,8.489416910798693039e-03,5.272664212934209151e-03,6.452486572734303025e-03,5.892439525434921450e-03,8.423806754658869078e-03,5.227967185041758856e-03
7.810470436942366750e-03,1.306073377081971680e-02,9.772728402175445347e-03,1.100288207360809040e-02,7.219086888084646179e-03,6.027275602042229778e-03,8.110552792245909540e-03,5.230391217242139242e-03,7.494378231771160748e-03,6.228712893924727607e-03,7.903716415365467582e-03,5.235405153760501126e-03
8.104492310931453794e-03,1.270213675928324668e-02,8.398442723118803438e-03,1.006198669940283619e-02,6.327306071404462627e-03,5.599674514770214100e-03,7.161981229020897288e-03,4.638705255589873830e-03,5.959607990504711683e-03,5.565159199484508851e-03,7.120901996706252915e-03,4.659523945756750309e-03
9.738482867071771715e-03,1.538598628014324621e-02,1.056125337198351825e-02,1.408446877840354751e-02,6.989463788448127546e-03,6.820966627896000306e-03,7.811730318021228511e-03,5.647274250442948368e-03,7.065722541208615225e-03,6.884077977719071234e-03,8.590698147750045616e-03,5.980843400025111570e-03
9.963930353760823769e-03,1.595847971632778292e-02,1.037321532159082502e-02,1.235085834626708547e-02,7.214044421653290594e-03,6.918110729453762035e-03,8.731880234962066320e-03,5.748739004903830052e-03,7.435095701769010162e-03,6.885680474382210522e-03,8.931779695230358460e-03,5.771288608648653465e-03
7.657448674031563929e-03,1.389246633946537683e-02,9.517734548365679170e-03,1.098765800919005060e-02,7.743895553734049704e-03,6.829841937147640429e-03,8.993235708902355685e-03,5.877584519678577882e-03,7.916463640226774692e-03,6.938907120257993902e-03,8.885375195142148144e-03,5.711353905649693870e-03
1.036701378736398955e-02,1.699887078813995533e-02,1.068759847429379475e-02,1.266112083092297592e-02,6.952420327687796990e-03,6.752351149589003697e-03,8.922368280287690592e-03,5.773295541150672353e-03,6.994782432503967272e-03,6.812997087715170520e-03,8.940288783767385422e-03,5.698133210745481153e-03
8.932980723101675846e-03,1.614032143924472654e-02,9.837978485595082201e-03,1.177202029735589968e-02,7.144711024994135871e-03,6.819497372126785868e-03,8.886098240463571191e-03,5.688914128759304210e-03,7.037373613013269899e-03,6.868336802695495201e-03,8.961373942765976305e-03,5.817631029150355064e-03
8.020763960229958245e-03,1.336716532641388754e-02,8.884557679822128670e-03,1.032401471782030261e-02,6.363096624720535228e-03,5.948143408787346341e-03,8.177309422009509596e-03,5.159768063001619887e-03,6.389512368973717868e-03,5.945620326766905619e-03,7.852516184104447322e-03,4.979729718794022146e-03
8.383535905392975121e-03,1.438479259258848911e-02,9.448725753595293639e-03,1.150316439131977668e-02,6.872731845119809183e-03,6.181712162585334749e-03,7.957008171667343324e-03,5.301600739088041699e-03,6.671989364569106372e-03,6.149006878763423403e-03,8.030953773162591638e-03,5.125823086340213462e-03
6.525200499006951309e-03,1.075057968458472020e-02,7.697683832254678671e-03,8.590079347246452543e-03,6.022135518690646498e-03,5.096925018457495495e-03,6.833539620882061495e-03,4.426770375319090053e-03,6.021133255471974866e-03,5.088261283704373535e-03,6.756306105306046986e-03,4.320709326871973767e-03
1.209882672115491359e-02,1.786571976671169279e-02,1.123248066383737524e-02,1.402297845937220365e-02,7.256658499679590271e-03,6.593921446440093211e-03,8.368142927069163045e-03,5.462406374806909846e-03,7.328400357326397309e-03,6.612450001951245340e-03,8.326507840204770694e-03,5.526736405351871835e-03
9.459127707100447105e-03,1.622571529459285872e-02,9.792705096564813944e-03,1.252905275998305104e-02,7.472486484241884844e-03,6.784432825399620143e-03,8.347411552779180829e-03,5.491955830710462845e-03,7.420113115590279418e-03,6.795088667288701201e-03,8.329062835922704244e-03,5.393496903388150972e-03
9.388750955310061486e-03,1.571771464127367721e-02,1.014798006513392345e-02,1.181405951454069132e-02,6.903097163114362694e-03,6.638128295834941697e-03,9.098637127442230077e-03,5.716629105261456650e-03,6.966551140212570367e-03,6.670911853509225824e-03,8.792118533585090850e-03,5.549201930226840135e-03
7.870779900537538259e-03,1.283082767807290116e-02,8.336699111939733023e-03,9.816320334334513106e-03,5.764777512702786051e-03,5.286884314828101464e-03,7.305418712630790470e-03,4.678909598822192546e-03,5.625038546527916412e-03,5.335766469309726964e-03,7.380815601113160755e-03,4.696432208661084455e-03
8.691452375195135929e-03,1.507807276816655086e-02,8.835164434367494615e-03,1.178069956589174704e-02,6.987432536619635898e-03,6.571100856551115484e-03,7.736501708453331384e-03,4.955551326207139305e-03,6.935530643176922826e-03,6.660071425686356870e-03,7.827876242872674334e-03,5.144344261646350766e-03
7.034096806817639706e-03,1.186201645527741773e-02,7.945627340853271200e-03,9.310690783937385431e-03,5.781922650433250765e-03,5.260406626196024310e-03,7.011481912058557114e-03,4.497836943773798543e-03,5.769161335971262176e-03,5.361092775530214294e-03,7.281640622116896874e-03,4.577973335949758402e-03
1.004324541974122367e-02,1.572874644407135092e-02,1.052826696704572441e-02,1.286492171526682458e-02,7.375366290875059669e-03,6.893859868431505972e-03,9.030033819878852119e-03,5.874108509910474368e-03,7.512668727495519679e-03,6.832195236008706610e-03,8.849208561903033551e-03,5.815377673036724489e-03
1.165259611956601798e-02,1.647152199742352163e-02,1.160218818766792573e-02,1.399542139600886727e-02,7.015092610837517402e-03,6.631094893354914921e-03,7.988211643200734263e-03,5.470276715783429534e-03,7.550862229457732527e-03,6.603643036140072024e-03,8.315550766870542440e-03,5.474274217965651064e-03
1.088187347636900004e-02,1.532654922953059946e-02,1.154088857346691720e-02,1.266970785696185792e-02,7.503415635393575686e-03,6.840160598491102674e-03,8.336630344243900134e-03,5.418125615218890787e-03,7.314298232321437589e-03,6.862725681543380835e-03,8.568449669480124667e-03,5.583319378363253704e-03
1.097404081500163130e-02,1.548906825134587807e-02,1.137028403638354335e-02,1.257956043232404640e-02,7.586847706840743784e-03,6.788384723019473023e-03,8.426417018355555205e-03,5.471024416356283331e-03,7.385686321541394886e-03,6.727631338448808451e-03,8.811025453966923188e-03,5.643669175707514106e-03
1.045915187850842559e-02,1.465529183282174297e-02,1.074410466519523828e-02,1.307019170502806034e-02,7.007948552386373577e-03,6.273750717929169052e-03,7.643629839449131609e-03,5.201127702481606573e-03,6.760925368310980767e-03,6.200162416808714660e-03,7.441833560511755194e-03,5.087574183533872217e-03
1.015755654593750168e-02,1.475870307704794937e-02,1.022737844716613796e-02,1.170321678115931324e-02,7.458774279900713330e-03,6.751890257422559806e-03,7.939569644875368870e-03,5.177327246951252647e-03,7.165177380806039484e-03,6.490821415779906081e-03,7.972692815460728430e-03,5.166042813103729342e-03
9.148070146980014430e-03,1.375509637673081979e-02,9.441769315125804821e-03,1.121233911270173855e-02,6.720698262201070527e-03,5.974288042874096108e-03,7.220439200894710093e-03,4.772568063557516491e-03,6.154179822820747374e-03,5.743752238080716138e-03,7.002420291881853408e-03,4.602672212400598338e-03
9.327966212390527076e-03,1.358250847578640862e-02,9.331350646303098254e-03,1.165623139208740895e-02,6.400350644503584145e-03,5.883782151199794599e-03,7.154821714826190004e-03,4.849993704121772532e-03,6.629427786561756068e-03,6.092421770799102271e-03,7.049478464739656995e-03,4.927200362447902923e-03
1.088619158654831852e-02,1.533190388513348650e-02,1.027877605814746416e-02,1.238782889783816496e-02,6.914162562245586632e-03,6.869564095352070736e-03,8.688289424851022499e-03,5.550686222195126002e-03,7.070923492366313311e-03,6.862157416895684446e-03,8.407931210707228140e-03,5.573672962520244932e-03
9.707616484741544288e-03,1.447607048487338857e-02,9.669116125094939784e-03,1.131841974024959743e-02,7.653904399514337847e-03,6.904255297374740918e-03,8.486001478492277011e-03,5.667145436883644881e-03,7.603731311963347374e-03,6.939132135152654458e-03,8.638538164564208907e-03,5.655962832660112356e-03
8.489995610333230316e-03,1.337382444558420265e-02,9.540958521576355447e-03,1.070923006861673396e-02,7.313568412448642406e-03,6.738495352351591208e-03,8.305332907983603574e-03,5.305842084083898548e-03,7.508070623744282288e-03,6.786008237244747776e-03,8.113349148556082968e-03,5.262628246046213015e-03
6.481571188492693883e-03,9.082822060220780563e-03,7.052090333010650747e-03,7.015811890236462942e-03,5.041998529362734863e-03,4.440330184972894785e-03,5.730318799275172827e-03,3.622131436112107587e-03,4.870049200646634283e-03,4.321568714988286049e-03,5.753092817102688911e-03,3.609903178768780838e-03
6.995445571217207524e-03,9.727897996091637231e-03,6.986642461929010173e-03,7.527829634612457840e-03,4.783277998074150945e-03,4.157506287128285606e-03,5.542596565034380723e-03,3.448409002289731708e-03,4.636897463106640777e-03,4.064059245003309381e-03,5.561600466168957480e-03,3.513109061914734127e-03
9.357611547859100154e-03,1.414347535376546568e-02,1.031263520549316297e-02,1.178466515152617848e-02,7.020770005941971703e-03,6.263924484845470771e-03,8.265445835605862018e-03,5.374603306539245742e-03,6.903844540163140905e-03,6.201828734550590867e-03,8.261163488403078584e-03,5.447781664759235136e-03
9.184061844336071853e-03,1.463715447964216571e-02,9.999068909609725928e-03,1.230268489655895678e-02,7.245009607757930091e-03,6.189420245198484077e-03,8.517038295034983636e-03,5.597498522672420332e-03,6.802666443951533269e-03,6.384445075424817310e-03,8.589345948357109822e-03,5.626465916221718919e-03
9.521775322721508922e-03,1.431232121367757154e-02,1.074766189353012873e-02,1.134671180299249953e-02,7.671698440921814049e-03,6.765912596964279886e-03,8.652930095594549287e-03,5.614445230969013906e-03,7.182917307169791807e-03,6.744202562592726234e-03,8.727219844491625536e-03,5.618514203607061566e-03
9.987703452934683368e-03,1.438274712507243633e-02,1.094697465162789915e-02,1.217378915813519674e-02,7.114240329518495796e-03,6.245053585123832608e-03,8.485337408756109603e-03,5.338982197972863726e-03,7.138211880776641066e-03,6.255337840768789362e-03,8.168815169099664236e-03,5.194934759045195631e-03
1.099264982719020019e-02,1.560806371897007459e-02,1.086514023047565128e-02,1.221476119040664290e-02,7.450264955016257760e-03,6.471266537076007623e-03,8.442572185009922930e-03,5.428711255699822553e-03,7.214446189851534894e-03,6.486536387290767376e-03,8.669749189306187945e-03,5.482899077472062031e-03
1.144383434260913199e-02,1.766534655085186603e-02,1.056564930508778477e-02,1.320675869617361255e-02,6.772024880917849703e-03,6.954944907005390295e-03,8.734156505052407746e-03,5.551392182181154322e-03,6.806749751916358129e-03,6.991220245016282683e-03,8.517688513278491580e-03,5.565158702600866113e-03
1.008345486423169700e-02,1.572577267722197886e-02,1.167512795934280007e-02,1.181550346783509162e-02,5.408961442798268862e-03,5.618162905947533467e-03,8.361887190011981982e-03,5.188281257097110410e-03,5.407492606755982985e-03,5.775005774899608611e-03,8.044510061090736144e-03,5.051641715578837448e-03
9.478477441264178752e-03,1.431652595891779595e-02,9.563011675657224347e-03,1.050840075264735871e-02,4.779713119146704325e-03,4.708448414438147489e-03,7.141187429034547701e-03,4.318494775929273069e-03,4.546380357851226121e-03,4.665479917587808840e-03,6.972412819367026365e-03,4.195850080953486202e-03
1.154018509042565796e-02,1.713449642831732511e-02,1.229629007805063505e-02,1.293729841904045323e-02,6.114509858790874094e-03,6.367344763550638123e-03,8.490062294628415024e-03,5.407433108288125546e-03,5.683258361058196421e-03,6.383295055495528947e-03,8.783980465276052321e-03,5.519981805758181724e-03
1.242248075794613604e-02,1.720221005985677482e-02,1.372160542348257323e-02,1.417440056881969987e-02,6.116842147701711044e-03,6.236486657040400672e-03,7.692747787446213049e-03,5.085697328968251212e-03,5.936575446623803404e-03,6.195628902513542965e-03,8.149020837659158925e-03,5.301646750697341232e-03
8.511314424338736750e-03,1.263883869108874992e-02,8.371907311105470859e-03,9.459495249352871740e-03,3.971637703904278699e-03,4.084001266654141774e-03,5.998079286501891566e-03,3.723180783848748475e-03,3.997744661857835155e-03,4.027522145749315788e-03,5.874114209521042601e-03,3.641569622782010740e-03
9.340982716515544224e-03,1.444913532912988144e-02,9.648893603221866955e-03,1.091776526779528016e-02,5.212170110850422936e-03,5.307328301093258878e-03,7.391813561477889906e-03,4.738304646016620013e-03,5.039836737376376767e-03,5.361899121591568243e-03,7.490900467508745247e-03,4.827813755641857489e-03
1.085648919581925186e-02,1.623201974667052780e-02,1.188859213278518380e-02,1.258524925641209442e-02,5.940581841606113259e-03,6.249524212921976282e-03,8.503066837235381814e-03,5.260602510200728527e-03,5.955059906435212005e-03,6.136734667851598268e-03,8.535903615637373612e-03,5.408253441834681707e-03
1.108286067582006998e-02,1.603224363600568372e-02,1.267490269474260203e-02,1.305949280384356183e-02,5.496104165032262949e-03,5.614623004753513565e-03,8.075536777613866873e-03,5.093129263920788928e-03,5.621882490253105394e-03,5.449188884769435443e-03,7.708927678077555010e-03,4.946439963647951757e-03
9.781353522554806293e-03,1.499580370417677617e-02,1.123789961414620349e-02,1.127611259532821861e-02,5.533849127433614415e-03,5.474337829044342851e-03,8.008223838238327785e-03,4.907251682576960726e-03,5.493040501187307183e-03,5.494458818528485250e-03,7.805223892248982186e-03,4.919485240197301636e-03
1.081010851158637452e-02,1.640643006110411098e-02,1.134135764669449292e-02,1.232306960206056359e-02,5.591301735514511186e-03,5.840243441835963820e-03,8.264192035111812829e-03,5.226043282182977166e-03,5.595889100326331168e-03,5.949498964309380723e-03,8.169327441046593877e-03,5.315759255628994297e-03
7.998737908162538782e-03,1.167209418141821470e-02,8.364625493190393571e-03,9.085920749125037110e-03,4.359131415617381253e-03,4.295092486959948413e-03,6.247215362839573030e-03,3.923013082583061417e-03,4.115967436884531913e-03,4.247000386241447586e-03,6.161966812761582486e-03,3.967145151540689765e-03
9.587222250779944832e-03,1.354652462758315808e-02,1.023240208312592436e-02,1.046296800651969408e-02,5.024477709130051838e-03,5.205375956632994974e-03,7.072271251766956007e-03,4.467103913600516465e-03,4.853503413063116161e-03,5.093268705694333452e-03,6.906739099904754889e-03,4.407843264410356288e-03
1.134829346607480090e-02,1.633960797629055786e-02,1.114527116536302882e-02,1.244233738971242502e-02,5.739600768000769834e-03,5.930261794731600013e-03,7.846603512625409740e-03,4.942375702235306083e-03,5.433018646845469944e-03,5.939751678606630149e-03,8.415730706632011324e-03,5.346778205913077335e-03
1.132566935960481296e-02,1.639230476739703124e-02,1.255094272361956427e-02,1.289030778247150615e-02,5.921795063010819316e-03,6.022220109567897293e-03,8.314161757543167552e-03,5.262568341329437391e-03,5.848828076450992598e-03,5.967222436559859768e-03,8.367956636510199761e-03,5.337905090021174102e-03
1.253086815917488564e-02,1.645183753965956050e-02,1.285827142156652919e-02,1.349904663417797988e-02,5.799094638513588654e-03,6.064944956799936220e-03,8.382422684177952624e-03,5.403109879973472252e-03,5.716544187196637150e-03,6.112931091069985154e-03,8.375558826705082824e-03,5.337436557041918758e-03
9.868932360686876598e-03,1.375387882686678748e-02,1.109534743494229071e-02,1.128213683823841434e-02,4.571926035975817405e-03,4.694649701546098515e-03,6.500997241399740154e-03,4.246680161838736062e-03,4.393751115497191231e-03,4.785255890017140259e-03,6.648451225492269488e-03,4.373975831980950711e-03
9.176215566028819021e-03,1.299571660131715670e-02,8.413768507178547712e-03,9.363177914017511289e-03,3.922888142998192523e-03,4.092872966925159735e-03,6.048057034974160633e-03,3.744018657588747776e-03,4.059583851640066049e-03,4.115562331368423712e-03,5.836562325502692508e-03,3.594766942841327254e-03
1.254611009759136649e-02,1.793510566268149628e-02,1.253283410764283179e-02,1.395366972959367381e-02,5.758722265211655561e-03,6.396054309874956399e-03,8.164974491899833556e-03,5.483257473376671257e-03,5.692061722427276850e-03,6.418021061917288453e-03,8.453935014344812759e-03,5.538751317627587170e-03
1.043455099864652562e-02,1.653043926334080496e-02,1.089905686360333886e-02,1.244062463292901904e-02,5.702053399435472007e-03,6.163710194118131487e-03,8.375468193965283567e-03,5.279792143178938489e-03,5.575918917803533714e-03,6.319240719568356562e-03,8.516486044350226811e-03,5.421316771296533395e-03
1.132970754132122011e-02,1.653206600156762948e-02,1.136212779790094288e-02,1.318952654944831326e-02,5.430381207162090183e-03,5.868092783143524088e-03,7.441778538139142210e-03,4.735300940196425501e-03,5.295818202423896968e-03,5.866272547523419464e-03,7.245819189178765232e-03,4.676439889853410692e-03
1.341025246125800499e-02,1.882540300231663397e-02,1.296570928274171260e-02,1.536550548560827907e-02,6.510142924526679184e-03,6.881526201622811117e-03,8.228168293721024179e-03,5.545814634500427498e-03,6.424451083778690876e-03,6.706948403078010976e-03,8.767346232218779442e-03,5.825671721687726221e-03
8.607615225099335757e-03,1.349700361932293716e-02,1.032234108182553990e-02,1.059369164187760198e-02,4.637797056073711573e-03,4.865907873935460502e-03,7.274743115659902844e-03,4.572298214125315383e-03,4.926911824192999403e-03,4.905842834631845943e-03,7.401179798882273619e-03,4.675500205198057299e-03
1.160657964735581707e-02,1.593401226001207871e-02,1.261390220921751806e-02,1.363261845885946517e-02,5.185381117438757695e-03,5.729092548454396347e-03,8.114434087376318216e-03,5.297392646251751491e-03,5.403978775082107257e-03,5.923078422606151486e-03,8.378658207956649062e-03,5.360325417175971704e-03
1.086030040214469410e-02,1.582101996195859131e-02,1.025825011700299584e-02,1.168836281265741607e-02,4.676987846676558362e-03,5.398719121339421757e-03,8.060627070322600937e-03,4.931642908257438847e-03,4.684960415351880660e-03,5.336813257097451114e-03,7.694371878427787304e-03,4.768811622206581800e-03
8.939494895830133250e-03,1.352534632741694137e-02,8.963340462082993593e-03,1.107233470016294984e-02,5.610802438608641397e-03,5.748349112191178910e-03,7.319491850275577395e-03,4.697364401106783952e-03,5.636804005667012465e-03,5.777600837284969579e-03,7.206550022013836869e-03,4.670713837088134868e-03
1.455301611971088031e-02,1.735757287411187830e-02,1.241607443561465289e-02,1.318220270486912364e-02,4.288063783239461947e-03,4.901297247522765077e-03,8.138065940339566512e-03,5.083373669333829219e-03,4.321419964213009737e-03,4.860332147573321812e-03,7.964274664745920121e-03,5.039791822063282960e-03
1.028354232752953963e-02,1.429313261174978457e-02,1.047333446920238609e-02,1.057594209033840479e-02,4.111485568558447511e-03,4.576957822911877083e-03,7.661349086059734449e-03,4.692615168336190280e-03,4.266447965857570607e-03,4.486765557781679549e-03,7.555505015666640414e-03,4.685980012442010276e-03
1.116629161377632670e-02,1.699187890792521610e-02,1.084396191831072352e-02,1.209485170319422702e-02,5.037171212327707509e-03,4.965141791484710410e-03,8.226117880316166989e-03,5.074760727276629753e-03,4.690398384646201312e-03,4.938011763981128323e-03,8.467058441126957408e-03,5.064950883485628760e-03
1.007732923901141775e-02,1.393374352850351716e-02,9.659010354368028836e-03,1.080507649680799778e-02,5.321744114628325709e-03,5.389296627368980568e-03,7.159346017380289508e-03,4.594172645163701642e-03,5.245929771317093399e-03,5.288574894738176657e-03,7.211982017047730009e-03,4.687180863862870986e-03
1.072664224907572336e-02,1.404733705223447891e-02,1.010989678122079134e-02,1.129062743240613099e-02,5.647915384115278527e-03,5.506680310369376809e-03,8.109562820807568462e-03,5.040652502994065302e-03,5.705344650812593267e-03,5.621192520330698349e-03,7.998130511589545896e-03,5.014573340609578336e-03
1.198543529025505004e-02,1.709709294087387657e-02,1.288497051919511305e-02,1.314653873310175913e-02,5.702427280313336275e-03,5.700562001248394781e-03,8.515765017571196027e-03,5.245936105348122241e-03,5.573871233638476828e-03,5.598491105873493710e-03,8.843026565756686649e-03,5.515575745013424208e-03
1.120688693094608161e-02,1.674200623694494308e-02,1.137482290510147959e-02,1.303960109005196551e-02,5.527930630033782433e-03,6.171908479218950368e-03,8.579933708167473971e-03,5.572342110145976635e-03,5.661854233695813587e-03,6.148402551116334720e-03,8.466444839462501301e-03,5.281965863692301283e-03
1.062442536477214809e-02,1.621314529908852650e-02,1.100463309287157132e-02,1.260544277248667848e-02,5.948095253352923308e-03,6.059985774800724818e-03,8.429959437815100903e-03,5.427653410172950457e-03,5.743224777663522886e-03,6.125034870447369252e-03,8.405128218899696538e-03,5.455544412856515139e-03
1.117276819463381213e-02,1.692835903237549511e-02,1.105551908745893049e-02,1.308454403894583097e-02,5.753020097348969346e-03,6.177873143021235872e-03,8.196779132915195734e-03,5.412326614875890077e-03,5.614429061982046873e-03,6.191972216878825243e-03,8.455566946959902283e-03,5.365867381532455661e-03
1.137714439644737716e-02,1.607735195310450171e-02,1.130993747825885520e-02,1.290689139704244252e-02,5.810499035268645862e-03,6.006694943477584175e-03,7.705311257576985193e-03,4.974228837333348301e-03,5.602447205157241872e-03,6.110842542174620313e-03,7.496829638363524360e-03,4.823579239146433273e-03
8.243590318071368148e-03,1.266834423605413956e-02,9.178524535013206018e-03,9.773943973749634959e-03,4.246565620055076616e-03,4.412992033370795840e-03,6.470074463711081823e-03,4.038097592936886263e-03,4.127098096467396622e-03,4.431254465872940841e-03,6.590171864133187452e-03,4.095585431647525559e-03
1.232939003810564968e-02,1.759870588203424346e-02,1.082983495475178110e-02,1.426843203258766277e-02,5.890703164283768618e-03,6.670870181824742513e-03,7.880023858659683175e-03,5.412730403573689369e-03,5.798286191231522523e-03,6.689151053238611387e-03,7.840216184551017375e-03,5.241390463355217327e-03
1.163272346015911500e-02,1.782195974777626979e-02,1.119396810894887281e-02,1.330448844161185445e-02,5.466563308753938019e-03,6.232858497711525614e-03,8.608320029806061299e-03,5.362272625725636628e-03,5.475601260007765397e-03,6.250078892209014192e-03,8.490648246426674151e-03,5.418974889012919717e-03
1.251815956471275838e-02,1.809340407984175517e-02,1.200123848643137869e-02,1.378500105533130189e-02,6.169930155529111844e-03,6.862030240295267924e-03,8.763474752965729961e-03,5.778706701004311663e-03,5.818264927527475906e-03,6.579423302550633894e-03,8.771843802504789706e-03,5.705092412731332767e-03
1.336325439157096812e-02,1.769687829230302475e-02,1.209656649036393306e-02,1.364893455580554714e-02,5.764742845304413055e-03,6.145873174816866326e-03,8.444950253737072698e-03,5.446517727450539588e-03,5.529856553618390375e-03,6.122010970733859393e-03,7.970096860603514966e-03,5.109237112922255727e-03
1.146084270227435038e-02,1.685605236420978370e-02,1.219896001656178841e-02,1.371111435777421297e-02,6.007579020938422741e-03,6.088713641322972964e-03,8.514810333814072998e-03,5.472409995102285422e-03,5.734246930917599218e-03,6.229245910843674364e-03,7.906638330279196908e-03,5.237573387916927455e-03
1.239385034726850701e-02,1.755485164232412076e-02,1.281416312784240674e-02,1.336711538183891351e-02,5.948960801758155191e-03,6.126387828817335575e-03,7.983759483632469137e-03,5.078579797747379172e-03,5.873274296412997822e-03,6.066591780615524128e-03,7.957238724815109132e-03,5.127845687251286928e-03
1.157916386675984788e-02,1.684463890430039010e-02,1.237652443916278759e-02,1.258430294847084560e-02,5.986341152630393625e-03,5.895701429820768107e-03,7.941076671550310190e-03,5.005099746263795384e-03,5.583129587504600568e-03,5.967976747434307859e-03,8.284027960229763121e-03,5.246526486030536618e-03
1.029939922417840575e-02,1.646906697381776002e-02,1.063636950824635788e-02,1.223409519808878534e-02,5.819579946629186568e-03,5.938024957515023947e-03,8.441302955178154807e-03,5.394476786463394020e-03,5.629554741421502473e-03,6.063417796307314124e-03,8.420808116535418580e-03,5.350910551487351834e-03
1.116547140907946968e-02,1.684368297764188283e-02,1.215227767177861316e-02,1.314119709546407444e-02,6.285173316097543775e-03,6.519954636721952621e-03,8.526209953623992144e-03,5.565389461025777029e-03,6.273954372508557843e-03,6.529539459438002402e-03,8.783443209384751010e-03,5.551200345149674524e-03
1.044451892508039062e-02,1.553854937378621771e-02,1.241724028398576152e-02,1.279156644190505843e-02,5.541274367758808328e-03,5.822103968151269571e-03,8.381894539367017172e-03,5.319109321416309183e-03,5.408356351321770734e-03,5.899788685532564303e-03,8.073068488953625069e-03,5.267292668888659546e-03
9.860663551175706185e-03,1.625999205975572209e-02,1.053831760272415721e-02,1.203781983599476815e-02,5.544929797150059160e-03,5.912879578304554642e-03,8.521085313208396142e-03,5.250713287803590590e-03,5.324957181844415348e-03,5.904830294479159608e-03,8.749132690272214130e-03,5.586718437613673663e-03
9.447088704043430513e-03,1.590914221181671112e-02,1.039288835531209688e-02,1.191915407771871986e-02,5.747194038436427392e-03,6.039708639497303605e-03,8.377735407203519905e-03,5.363735819851188358e-03,5.821624469040870449e-03,6.155396861131550226e-03,8.609274233396373502e-03,5.457803095487406830e-03
1.031343259707847085e-02,1.650307423375844268e-02,1.024199423642192276e-02,1.195669005687746700e-02,6.082953783686746024e-03,6.466326631634465756e-03,8.444851115215885190e-03,5.422190909657832042e-03,5.981025935001496423e-03,6.515920745134875375e-03,8.154567781839493906e-03,5.341854841129598311e-03
1.193322129015798524e-02,1.748214897193729397e-02,1.160603766373616806e-02,1.260017534245217070e-02,5.178543681083332823e-03,5.927692119796963179e-03,8.245201095241487185e-03,5.005213647047716298e-03,5.386839548333417771e-03,5.905642779913259852e-03,8.237098427377322757e-03,5.186668175820410495e-03
8.874097945479688526e-03,1.449253402217385613e-02,9.573116511185572608e-03,1.113469391493417462e-02,5.340522063163451356e-03,5.616186344618608398e-03,7.791573812246640161e-03,4.992297106725274158e-03,5.331662924648330158e-03,5.649882899816667525e-03,7.333697698934709720e-03,4.801606729873682256e-03
1.063417966075938179e-02,1.649579418611555465e-02,1.200266458511356667e-02,1.271051235100116583e-02,5.620467467768116426e-03,5.997207189113993621e-03,8.105456690705869702e-03,5.203449753568360238e-03,5.448210045545736659e-03,6.050181905121299920e-03,8.350983405180362543e-03,5.263880951764703803e-03
1.096255476711851390e-02,1.624444773139648371e-02,1.210989110763568966e-02,1.333023016011574552e-02,6.125978520003534829e-03,6.326280423330428102e-03,8.151901357506097234e-03,5.262868606795417271e-03,5.798084151467365784e-03,6.072726953014292994e-03,7.943652113611237436e-03,5.102497371097658788e-03
1.222514674691923230e-02,1.731759008501293842e-02,1.285652628718143321e-02,1.344526174579893305e-02,5.791730736965513063e-03,5.911597835469625112e-03,8.146149445634446110e-03,5.320507852534649140e-03,5.864998990978662584e-03,5.952799214023064833e-03,8.499196243901151540e-03,5.336854384703039640e-03
1.212162419123316397e-02,1.712952166653084959e-02,1.207028995628136973e-02,1.269634272980989763e-02,5.445855943795215037e-03,5.822598991437740942e-03,8.427294261004360590e-03,5.322170578162450406e-03,5.695943568524204463e-03,5.877652087256502941e-03,8.537259921279507710e-03,5.247650051636001435e-03
1.213614639961340877e-02,1.653839236480998329e-02,1.243136377887951900e-02,1.303090770251633113e-02,5.891510842842262972e-03,6.107765172888851048e-03,8.436702343158656789e-03,5.490745999292463882e-03,5.690044185936498841e-03,5.959331204854743415e-03,8.341309813260602835e-03,5.331748478842716216e-03
1.206124030510876723e-02,1.701302875113617011e-02,1.244115756622246431e-02,1.293459448432228258e-02,5.546296618889027738e-03,5.698625180710878251e-03,7.889254083934621464e-03,5.095095997061586945e-03,5.375796153332705433e-03,5.733113581870873283e-03,8.021622741660435277e-03,5.049993471587122668e-03
1.017394427969100373e-02,1.610031124668014763e-02,1.050578499323140055e-02,1.196546138430188561e-02,5.522942988008747167e-03,6.016098060750389200e-03,8.071436800905383221e-03,5.081771455549987174e-03,5.503919213045701218e-03,5.926812010659240904e-03,8.431914573014015132e-03,5.238818798971008397e-03
1.130275389399252976e-02,1.587707470735770510e-02,1.294426418826189265e-02,1.308774279510205134e-02,5.551587364480804233e-03,5.837563380134326400e-03,7.553180269368831544e-03,4.883882795847880633e-03,5.481548541916627174e-03,5.816105823439013389e-03,7.620769539225325309e-03,4.879914305140660956e-03
1.029649193679122235e-02,1.637715836120418045e-02,1.088241641475603920e-02,1.224400216056917116e-02,5.733254663530374870e-03,6.265465420951919599e-03,8.324853850107616360e-03,5.250892275881131367e-03,5.492435759842374289e-03,6.270191131576114199e-03,8.558322286216463876e-03,5.407083308353838151e-03
8.742288031686295049e-03,1.285941780867318196e-02,9.554467489247960368e-03,9.834519522454301943e-03,4.347531595600956540e-03,4.511296602442061224e-03,6.136656882138514894e-03,3.885016432149384236e-03,4.257597346721915185e-03,4.496172843169088038e-03,6.084387300231484767e-03,4.115747165706619762e-03
9.531067943561712108e-03,1.374671386076412039e-02,9.924229041039759822e-03,1.088578646257865393e-02,4.542680033227709108e-03,4.778075400533100293e-03,6.370843740036996258e-03,4.072080381370756647e-03,4.407098663420671615e-03,4.945113737311524447e-03,6.478801999076258533e-03,4.259660893305789765e-03
1.053410863742875597e-02,1.591335281628641560e-02,1.141300749038966916e-02,1.303257005512094627e-02,5.575211889266295205e-03,6.026928204606339656e-03,7.683021871524657945e-03,5.064945788126189695e-03,5.402101458977378104e-03,5.940843071707351333e-03,7.774902147010039760e-03,4.951199182037749336e-03
1.103173942383141662e-02,1.648362360005340213e-02,1.141278863495388991e-02,1.327774111180379454e-02,5.549288097227653323e-03,6.130293474867430301e-03,8.587743389723831444e-03,5.589640053268194429e-03,5.701021299910792942e-03,6.133288390811073368e-03,8.489445835627801307e-03,5.303318097900982034e-03
1.155560534422937075e-02,1.706476135001226344e-02,1.105098494394384477e-02,1.281037588523215032e-02,5.943079602225423592e-03,6.388321003979974093e-03,8.258813826425471724e-03,5.335018848908352866e-03,5.710719630548612841e-03,6.223159786030321369e-03,8.430996392897328884e-03,5.411203644128166450e-03
1.169511602470347557e-02,1.724963794240480172e-02,1.138910064921081107e-02,1.353262309479930092e-02,5.882099969995680140e-03,6.216854979945029593e-03,8.421548818857097635e-03,5.397297648723227599e-03,5.823876678855112281e-03,6.428240104946570527e-03,8.176519307404041606e-03,5.247902632140984992e-03
1.048967709759278041e-02,1.613389059839016176e-02,1.149236302172009991e-02,1.188841643526538684e-02,6.034765851592438154e-03,5.924307463089709992e-03,8.087430897400754021e-03,5.121281611218148240e-03,5.561228978162087444e-03,5.872671253577149177e-03,8.317161437391334955e-03,5.253388419055666364e-03
1.194276103640838985e-02,1.766236101056683702e-02,1.196921248117481171e-02,1.386381741876194403e-02,6.097554948542105793e-03,6.827845528229919796e-03,8.673286606902207846e-03,5.731933033464454118e-03,5.748039002582350926e-03,6.528617177486571027e-03,8.782301810752594570e-03,5.628588829655961460e-03
1.065110338178173674e-02,1.624131513634974322e-02,1.157556530498652855e-02,1.323158064766636818e-02,6.114777189928334404e-03,5.986148369767144151e-03,8.514714809707465623e-03,5.445873533593092834e-03,5.678924947258580727e-03,6.079731419477077750e-03,8.063688611808254511e-03,5.269687901567396589e-03
1.200446938056629054e-02,1.676320911069452413e-02,1.128033482840288398e-02,1.259275322872911371e-02,5.849925871081967585e-03,6.203495390062587975e-03,8.496315281170386396e-03,5.406592665793840194e-03,5.630506427202918406e-03,6.149453054594087101e-03,8.152820591790534838e-03,5.173712919649165430e-03
1.113654276850404787e-02,1.656405696129884322e-02,1.122328002300408689e-02,1.269705936409264851e-02,5.959618744007951462e-03,6.111590795584801242e-03,8.351642470996154671e-03,5.445947002544969037e-03,5.686895527137813405e-03,6.155800741378295894e-03,8.220996254855705496e-03,5.383004199762200098e-03
1.046947625709728977e-02,1.553216293501658365e-02,1.023400571141184871e-02,1.209661961718313562e-02,5.232850400014902106e-03,5.528023129026699012e-03,7.703393169397635895e-03,4.978324002530994628e-03,5.243119795216632205e-03,5.595051738498713761e-03,7.327769849038881338e-03,4.832054743019746114e-03
