0.005804988662131519
0.017414965986394557
0.029024943310657598
0.040634920634920635
0.052244897959183675
0.06385487528344672
0.07546485260770976
0.08707482993197278
0.09868480725623582
0.11029478458049886
0.1219047619047619
0.13351473922902493
0.14512471655328799
0.156734693877551
0.16834467120181407
0.1799546485260771
0.19156462585034015
0.20317460317460317
0.2147845804988662
0.22639455782312926
0.23800453514739228
0.24961451247165534
0.2612244897959184
0.2728344671201814
0.28444444444444444
0.2960544217687075
0.3076643990929705
0.31927437641723355
0.3308843537414966
0.34249433106575966
0.35410430839002266
0.3657142857142857
0.37732426303854877
0.38893424036281177
0.4005442176870748
0.4121541950113379
0.42376417233560093
0.43537414965986393
0.446984126984127
0.45859410430839004
0.47020408163265304
0.4818140589569161
0.49342403628117915
0.5050340136054422
0.5166439909297053
0.5282539682539683
0.5398639455782313
0.5514739229024943
0.5630839002267574
0.5746938775510204
0.5863038548752835
0.5979138321995465
0.6095238095238096
0.6211337868480725
0.6327437641723356
0.6443537414965986
0.6559637188208617
0.6675736961451247
0.6791836734693878
0.6907936507936508
0.7024036281179138
0.7140136054421768
0.7256235827664399
0.737233560090703
0.748843537414966
0.7604535147392291
0.7720634920634921
0.7836734693877551
0.7952834467120181
0.8068934240362812
0.8185034013605442
0.8301133786848073
0.8417233560090703
0.8533333333333334
0.8649433106575963
0.8765532879818594
0.8881632653061224
0.8997732426303855
0.9113832199546485
0.9229931972789116
0.9346031746031747
0.9462131519274376
0.9578231292517007
0.9694331065759637
0.9810430839002268
0.9926530612244898
1.0042630385487528
1.0158730158730158
1.0274829931972789
1.039092970521542
1.050702947845805
1.062312925170068
1.073922902494331
1.0855328798185941
1.0971428571428572
1.1087528344671203
1.1203628117913833
1.1319727891156464
1.1435827664399092
1.1551927437641722
1.1668027210884353
1.1784126984126984
1.1900226757369614
1.2016326530612245
1.2132426303854875
1.2248526077097506
1.2364625850340136
1.2480725623582767
1.2596825396825397
1.2712925170068028
1.2829024943310658
1.294512471655329
1.3061224489795917
1.3177324263038548
1.3293424036281178
1.340952380952381
1.352562358276644
1.364172335600907
1.37578231292517
1.3873922902494331
1.3990022675736962
1.4106122448979592
1.4222222222222223
1.4338321995464853
1.4454421768707484
1.4570521541950114
1.4686621315192743
1.4802721088435373
1.4918820861678004
1.5034920634920634
1.5151020408163265
1.5267120181405895
1.5383219954648526
1.5499319727891157
1.5615419501133787
1.5731519274376418
1.5847619047619048
1.5963718820861679
1.607981859410431
1.619591836734694
1.6312018140589568
1.6428117913832199
1.654421768707483
1.666031746031746
1.677641723356009
1.689251700680272
1.7008616780045351
1.7124716553287982
1.7240816326530612
1.7356916099773243
1.7473015873015874
1.7589115646258504
1.7705215419501135
1.7821315192743765
1.7937414965986394
1.8053514739229024
1.8169614512471655
1.8285714285714285
1.8401814058956916
1.8517913832199546
1.8634013605442177
1.8750113378684807
1.8866213151927438
1.8982312925170068
1.90984126984127
1.921451247165533
1.933061224489796
1.944671201814059
1.956281179138322
1.967891156462585
1.979501133786848
1.991111111111111
2.0027210884353743
2.014331065759637
2.0259410430839004
2.0375510204081633
2.049160997732426
2.0607709750566894
2.072380952380952
2.0839909297052155
2.0956009070294783
2.1072108843537416
2.1188208616780044
2.1304308390022677
2.1420408163265305
2.153650793650794
2.1652607709750566
2.17687074829932
2.1884807256235828
2.2000907029478456
2.211700680272109
2.2233106575963717
2.234920634920635
2.246530612244898
2.258140589569161
2.269750566893424
2.281360544217687
2.29297052154195
2.3045804988662133
2.316190476190476
2.3278004535147394
2.3394104308390022
2.3510204081632655
2.3626303854875284
2.374240362811791
2.3858503401360545
2.3974603174603173
2.4090702947845806
2.4206802721088434
2.4322902494331067
2.4439002267573695
2.455510204081633
2.4671201814058956
2.478730158730159
2.4903401360544217
2.501950113378685
2.513560090702948
2.5251700680272107
2.536780045351474
2.5483900226757368
2.56
2.571609977324263
2.583219954648526
2.594829931972789
2.6064399092970523
2.618049886621315
2.6296598639455784
2.641269841269841
2.6528798185941045
2.6644897959183673
2.6760997732426306
2.6877097505668934
2.6993197278911563
2.7109297052154195
2.7225396825396824
2.7341496598639456
2.7457596371882085
2.7573696145124718
2.7689795918367346
2.780589569160998
2.7921995464852607
2.803809523809524
2.815419501133787
2.82702947845805
2.838639455782313
2.8502494331065757
2.861859410430839
2.873469387755102
2.885079365079365
2.896689342403628
2.9082993197278912
2.919909297052154
2.9315192743764173
2.94312925170068
2.9547392290249435
2.9663492063492063
2.9779591836734696
2.9895691609977324
3.0011791383219957
3.0127891156462585
3.0243990929705213
3.0360090702947846
3.0476190476190474
3.0592290249433107
3.0708390022675736
3.082448979591837
3.0940589569160997
3.105668934240363
3.1172789115646258
3.128888888888889
3.140498866213152
3.152108843537415
3.163718820861678
3.175328798185941
3.186938775510204
3.198548752834467
3.21015873015873
3.221768707482993
3.2333786848072563
3.244988662131519
3.2565986394557824
3.2682086167800453
3.2798185941043085
3.2914285714285714
3.3030385487528346
3.3146485260770975
3.3262585034013608
3.3378684807256236
3.3494784580498864
3.3610884353741497
3.3726984126984125
3.384308390022676
3.3959183673469386
3.407528344671202
3.4191383219954647
3.430748299319728
3.442358276643991
3.453968253968254
3.465578231292517
3.4771882086167802
3.488798185941043
3.500408163265306
3.512018140589569
3.523628117913832
3.5352380952380953
3.546848072562358
3.5584580498866214
3.5700680272108842
3.5816780045351475
3.5932879818594103
3.6048979591836736
3.6165079365079364
3.6281179138321997
3.6397278911564626
3.651337868480726
3.6629478458049887
3.6745578231292515
3.6861678004535148
3.6977777777777776
3.709387755102041
3.7209977324263037
3.732607709750567
3.74421768707483
3.755827664399093
3.767437641723356
3.779047619047619
3.790657596371882
3.8022675736961453
3.813877551020408
3.825487528344671
3.8370975056689343
3.848707482993197
3.8603174603174604
3.871927437641723
3.8835374149659865
3.8951473922902493
3.9067573696145126
3.9183673469387754
3.9299773242630387
3.9415873015873015
3.953197278911565
3.9648072562358276
3.976417233560091
3.9880272108843537
3.9996371882086166
4.01124716553288
4.022857142857143
4.0344671201814055
4.046077097505669
4.057687074829932
4.069297052154195
4.080907029478458
4.092517006802721
4.104126984126984
4.115736961451248
4.12734693877551
4.138956916099773
4.1505668934240365
4.162176870748299
4.173786848072562
4.1853968253968254
4.197006802721089
4.208616780045351
4.220226757369614
4.231836734693878
4.243446712018141
4.255056689342403
4.266666666666667
4.27827664399093
4.289886621315193
4.3014965986394555
4.313106575963719
4.324716553287982
4.3363265306122445
4.347936507936508
4.359546485260771
4.371156462585034
4.382766439909297
4.39437641723356
4.405986394557823
4.4175963718820865
4.429206349206349
4.440816326530612
4.4524263038548755
4.464036281179139
4.475646258503401
4.487256235827664
4.498866213151928
4.51047619047619
4.522086167800453
4.533696145124717
4.54530612244898
4.556916099773242
4.568526077097506
4.580136054421769
4.591746031746032
4.6033560090702945
4.614965986394558
4.626575963718821
4.6381859410430835
4.649795918367347
4.66140589569161
4.673015873015873
4.684625850340136
4.696235827664399
4.707845804988662
4.7194557823129255
4.731065759637188
4.742675736961451
4.7542857142857144
4.765895691609978
4.77750566893424
4.789115646258503
4.800725623582767
4.812335600907029
4.823945578231292
4.835555555555556
4.847165532879819
4.858775510204081
4.8703854875283445
4.881995464852608
4.893605442176871
4.9052154195011335
4.916825396825397
4.92843537414966
4.940045351473923
4.951655328798186
4.963265306122449
4.974875283446712
4.986485260770975
4.998095238095238
5.009705215419501
5.0213151927437645
5.032925170068027
5.04453514739229
5.056145124716553
5.067755102040817
5.079365079365079
5.090975056689342
5.102585034013606
5.114195011337869
5.125804988662131
5.137414965986395
5.149024943310658
5.16063492063492
5.1722448979591835
5.183854875283447
5.19546485260771
5.2070748299319725
5.218684807256236
5.230294784580499
5.241904761904762
5.253514739229025
5.265124716553288
5.276734693877551
5.288344671201814
5.299954648526077
5.31156462585034
5.3231746031746034
5.334784580498866
5.346394557823129
5.358004535147392
5.369614512471656
5.381224489795918
5.392834467120181
5.404444444444445
5.416054421768708
5.42766439909297
5.4392743764172335
5.450884353741497
5.462494331065759
5.4741043083900225
5.485714285714286
5.497324263038549
5.508934240362811
5.520544217687075
5.532154195011338
5.543764172335601
5.555374149659864
5.566984126984127
5.57859410430839
5.5902040816326535
5.601814058956916
5.613424036281179
5.625034013605442
5.636643990929705
5.648253968253968
5.659863945578231
5.671473922902495
5.683083900226757
5.69469387755102
5.706303854875284
5.717913832199547
5.729523809523809
5.7411337868480725
5.752743764172336
5.764353741496599
5.7759637188208615
5.787573696145125
5.799183673469388
5.81079365079365
5.822403628117914
5.834013605442177
5.84562358276644
5.857233560090703
5.868843537414966
5.880453514739229
5.8920634920634924
5.903673469387755
5.915283446712018
5.926893424036281
5.938503401360544
5.950113378684807
5.96172335600907
5.973333333333334
5.984943310657596
5.996553287981859
6.0081632653061225
6.019773242630386
6.031383219954648
6.0429931972789115
6.054603174603175
6.066213151927438
6.0778231292517
6.089433106575964
6.101043083900227
6.112653061224489
6.124263038548753
6.135873015873016
6.147482993197279
6.159092970521542
6.170702947845805
6.182312925170068
6.193922902494331
6.205532879818594
6.217142857142857
6.22875283446712
6.240362811791384
6.251972789115646
6.263582766439909
6.275192743764173
6.286802721088435
6.298412698412698
6.3100226757369615
6.321632653061225
6.333242630385487
6.3448526077097505
6.356462585034014
6.368072562358277
6.379682539682539
6.391292517006803
6.402902494331066
6.414512471655329
6.426122448979592
6.437732426303855
6.449342403628118
6.460952380952381
6.472562358276644
6.484172335600907
6.49578231292517
6.507392290249433
6.519002267573696
6.530612244897959
6.542222222222223
6.553832199546485
6.565442176870748
6.5770521541950115
6.588662131519274
6.600272108843537
6.6118820861678005
6.623492063492064
6.635102040816326
6.646712018140589
6.658321995464853
6.669931972789116
6.681541950113378
6.693151927437642
6.704761904761905
6.716371882086168
6.727981859410431
6.739591836734694
6.751201814058957
6.7628117913832195
6.774421768707483
6.786031746031746
6.797641723356009
6.809251700680272
6.820861678004535
6.832471655328798
6.844081632653062
6.855691609977324
6.867301587301587
6.8789115646258505
6.890521541950114
6.902131519274376
6.9137414965986395
6.925351473922903
6.936961451247165
6.948571428571428
6.960181405895692
6.971791383219955
6.983401360544217
6.995011337868481
7.006621315192744
7.018231292517007
7.02984126984127
7.041451247165533
7.053061224489796
7.064671201814059
7.076281179138322
7.087891156462585
7.099501133786848
7.111111111111111
7.122721088435374
7.134331065759637
7.1459410430839005
7.157551020408163
7.169160997732426
7.1807709750566895
7.192380952380953
7.203990929705215
7.215600907029478
7.227210884353742
7.238820861678004
7.250430839002267
7.262040816326531
7.273650793650794
7.285260770975056
7.29687074829932
7.308480725623583
7.320090702947846
7.3317006802721085
7.343310657596372
7.354920634920635
7.366530612244898
7.378140589569161
7.389750566893424
7.401360544217687
7.41297052154195
7.424580498866213
7.436190476190476
7.4478004535147395
7.459410430839002
7.471020408163265
7.4826303854875285
7.494240362811792
7.505850340136054
7.517460317460317
7.529070294784581
7.540680272108844
7.552290249433106
7.56390022675737
7.575510204081633
7.587120181405895
7.598730158730159
7.610340136054422
7.621950113378685
7.6335600907029475
7.645170068027211
7.656780045351474
7.668390022675737
7.68
7.691609977324263
7.703219954648526
7.7148299319727895
7.726439909297052
7.738049886621315
7.7496598639455785
7.761269841269841
7.772879818594104
7.784489795918367
7.796099773242631
7.807709750566893
7.819319727891156
7.83092970521542
7.842539682539683
7.854149659863945
7.865759637188209
7.877369614512472
7.888979591836734
7.9005895691609975
7.912199546485261
7.923809523809524
7.9354195011337865
7.94702947845805
7.958639455782313
7.970249433106576
7.981859410430839
7.993469387755102
8.005079365079364
8.016689342403629
8.028299319727891
8.039909297052155
8.051519274376417
8.06312925170068
8.074739229024944
8.086349206349206
8.097959183673469
8.109569160997733
8.121179138321995
8.132789115646258
8.144399092970522
8.156009070294784
8.167619047619048
8.17922902494331
8.190839002267573
8.202448979591837
8.2140589569161
8.225668934240362
8.237278911564626
8.248888888888889
8.260498866213151
8.272108843537415
8.283718820861678
8.295328798185942
8.306938775510204
8.318548752834467
8.33015873015873
8.341768707482993
8.353378684807256
8.36498866213152
8.376598639455782
8.388208616780044
8.399818594104309
8.411428571428571
8.423038548752835
8.434648526077098
8.44625850340136
8.457868480725624
8.469478458049887
8.481088435374149
8.492698412698413
8.504308390022675
8.51591836734694
8.527528344671202
8.539138321995464
8.550748299319729
8.562358276643991
8.573968253968253
8.585578231292518
8.59718820861678
8.608798185941042
8.620408163265306
8.632018140589569
8.643628117913833
8.655238095238095
8.666848072562358
8.678458049886622
8.690068027210884
8.701678004535147
8.713287981859411
8.724897959183673
8.736507936507936
8.7481179138322
8.759727891156462
8.771337868480726
8.782947845804989
8.794557823129251
8.806167800453515
8.817777777777778
8.82938775510204
8.840997732426304
8.852607709750567
8.864217687074829
8.875827664399093
8.887437641723356
8.89904761904762
8.910657596371882
8.922267573696145
8.933877551020409
8.945487528344671
8.957097505668933
8.968707482993198
8.98031746031746
8.991927437641724
9.003537414965987
9.015147392290249
9.026757369614513
9.038367346938776
9.049977324263038
9.061587301587302
9.073197278911564
9.084807256235827
9.096417233560091
9.108027210884353
9.119637188208618
9.13124716553288
9.142857142857142
9.154467120181407
9.166077097505669
9.177687074829931
9.189297052154195
9.200907029478458
9.21251700680272
9.224126984126984
9.235736961451247
9.247346938775511
9.258956916099773
9.270566893424036
9.2821768707483
9.293786848072562
9.305396825396825
9.317006802721089
9.328616780045351
9.340226757369615
9.351836734693878
9.36344671201814
9.375056689342404
9.386666666666667
9.398276643990929
9.409886621315193
9.421496598639456
9.433106575963718
9.444716553287982
9.456326530612245
9.467936507936509
9.479546485260771
9.491156462585034
9.502766439909298
9.51437641723356
9.525986394557822
9.537596371882087
9.549206349206349
9.560816326530611
9.572426303854876
9.584036281179138
9.595646258503402
9.607256235827665
9.618866213151927
9.630476190476191
9.642086167800453
9.653696145124716
9.66530612244898
9.676916099773242
9.688526077097505
9.700136054421769
9.711746031746031
9.723356009070296
9.734965986394558
9.74657596371882
9.758185941043084
9.769795918367347
9.78140589569161
9.793015873015873
9.804625850340136
9.8162358276644
9.827845804988662
9.839455782312925
9.851065759637189
9.862675736961451
9.874285714285714
9.885895691609978
9.89750566893424
9.909115646258503
9.920725623582767
9.93233560090703
9.943945578231293
9.955555555555556
9.967165532879818
9.978775510204082
9.990385487528345
10.001995464852607
10.013605442176871
10.025215419501134
10.036825396825396
10.04843537414966
10.060045351473923
10.071655328798187
10.083265306122449
10.094875283446711
10.106485260770976
10.118095238095238
10.1297052154195
10.141315192743765
10.152925170068027
10.164535147392291
10.176145124716554
10.187755102040816
10.19936507936508
10.210975056689342
10.222585034013605
10.234195011337869
10.245804988662131
10.257414965986394
10.269024943310658
10.28063492063492
10.292244897959185
10.303854875283447
10.31546485260771
10.327074829931973
10.338684807256236
10.350294784580498
10.361904761904762
10.373514739229025
10.385124716553287
10.396734693877551
10.408344671201814
10.419954648526078
10.43156462585034
10.443174603174603
10.454784580498867
10.46639455782313
10.478004535147392
10.489614512471656
10.501224489795918
10.51283446712018
10.524444444444445
10.536054421768707
10.547664399092971
10.559274376417234
10.570884353741496
10.58249433106576
10.594104308390023
10.605714285714285
10.61732426303855
10.628934240362812
10.640544217687076
10.652154195011338
10.6637641723356
10.675374149659865
10.686984126984127
10.69859410430839
10.710204081632654
10.721814058956916
10.733424036281178
10.745034013605443
10.756643990929705
10.768253968253969
10.779863945578231
10.791473922902494
10.803083900226758
10.81469387755102
10.826303854875283
10.837913832199547
10.84952380952381
10.861133786848072
10.872743764172336
10.884353741496598
10.895963718820862
10.907573696145125
10.919183673469387
10.930793650793651
10.942403628117914
10.954013605442176
10.96562358276644
10.977233560090703
10.988843537414965
11.00045351473923
11.012063492063492
11.023673469387756
11.035283446712018
11.04689342403628
11.058503401360545
11.070113378684807
11.08172335600907
11.093333333333334
11.104943310657596
11.11655328798186
11.128163265306123
11.139773242630385
11.15138321995465
11.162993197278912
11.174603174603174
11.186213151927438
11.1978231292517
11.209433106575963
11.221043083900227
11.23265306122449
11.244263038548754
11.255873015873016
11.267482993197278
11.279092970521543
11.290702947845805
11.302312925170067
11.313922902494332
11.325532879818594
11.337142857142856
11.34875283446712
11.360362811791383
11.371972789115647
11.38358276643991
11.395192743764172
11.406802721088436
11.418412698412698
11.43002267573696
11.441632653061225
11.453242630385487
11.464852607709751
11.476462585034014
11.488072562358276
11.49968253968254
11.511292517006803
11.522902494331065
11.53451247165533
11.546122448979592
11.557732426303854
11.569342403628118
11.58095238095238
11.592562358276645
11.604172335600907
11.61578231292517
11.627392290249434
11.639002267573696
11.650612244897959
11.662222222222223
11.673832199546485
11.685442176870747
11.697052154195012
11.708662131519274
11.720272108843538
11.7318820861678
11.743492063492063
11.755102040816327
11.76671201814059
11.778321995464852
11.789931972789116
11.801541950113378
11.81315192743764
11.824761904761905
11.836371882086167
11.847981859410432
11.859591836734694
11.871201814058956
11.88281179138322
11.894421768707483
11.906031746031745
11.91764172335601
11.929251700680272
11.940861678004536
11.952471655328798
11.96408163265306
11.975691609977325
11.987301587301587
11.99891156462585
12.010521541950114
12.022131519274376
12.033741496598639
12.045351473922903
12.056961451247165
12.06857142857143
12.080181405895692
12.091791383219954
12.103401360544218
12.11501133786848
12.126621315192743
12.138231292517007
12.14984126984127
12.161451247165532
12.173061224489796
12.184671201814059
12.196281179138323
12.207891156462585
12.219501133786848
12.231111111111112
12.242721088435374
12.254331065759636
12.2659410430839
12.277551020408163
12.289160997732425
12.30077097505669
12.312380952380952
12.323990929705216
12.335600907029479
12.347210884353741
12.358820861678005
12.370430839002267
12.38204081632653
12.393650793650794
12.405260770975056
12.41687074829932
12.428480725623583
12.440090702947845
12.45170068027211
12.463310657596372
12.474920634920634
12.486530612244898
12.49814058956916
12.509750566893423
12.521360544217687
12.53297052154195
12.544580498866214
12.556190476190476
12.567800453514739
12.579410430839003
12.591020408163265
12.602630385487528
12.614240362811792
12.625850340136054
12.637460317460317
12.64907029478458
12.660680272108843
12.672290249433107
12.68390022675737
12.695510204081632
12.707120181405896
12.718730158730159
12.730340136054421
12.741950113378685
12.753560090702948
12.765170068027212
12.776780045351474
12.788390022675737
12.8
12.811609977324263
12.823219954648525
12.83482993197279
12.846439909297052
12.858049886621314
12.869659863945579
12.881269841269841
12.892879818594105
12.904489795918368
12.91609977324263
12.927709750566894
12.939319727891156
12.950929705215419
12.962539682539683
12.974149659863945
12.985759637188208
12.997369614512472
13.008979591836734
13.020589569160999
13.032199546485261
13.043809523809523
13.055419501133787
13.06702947845805
13.078639455782312
13.090249433106576
13.101859410430839
13.113469387755101
13.125079365079365
13.136689342403628
13.148299319727892
13.159909297052154
13.171519274376417
13.18312925170068
13.194739229024943
13.206349206349206
13.21795918367347
13.229569160997732
13.241179138321996
13.252789115646259
13.264399092970521
13.276009070294785
13.287619047619048
13.29922902494331
13.310839002267574
13.322448979591837
13.334058956916099
13.345668934240363
13.357278911564626
13.36888888888889
13.380498866213152
13.392108843537414
13.403718820861679
13.415328798185941
13.426938775510203
13.438548752834468
13.45015873015873
13.461768707482992
13.473378684807257
13.484988662131519
13.496598639455783
13.508208616780045
13.519818594104308
13.531428571428572
13.543038548752834
13.554648526077097
13.566258503401361
13.577868480725623
13.589478458049886
13.60108843537415
13.612698412698412
13.624308390022676
13.635918367346939
13.647528344671201
13.659138321995465
13.670748299319728
13.68235827664399
13.693968253968254
13.705578231292517
13.717188208616781
13.728798185941043
13.740408163265306
13.75201814058957
13.763628117913832
13.775238095238095
13.786848072562359
13.798458049886621
13.810068027210884
13.821678004535148
13.83328798185941
13.844897959183674
13.856507936507937
13.868117913832199
13.879727891156463
13.891337868480726
13.902947845804988
13.914557823129252
13.926167800453515
13.937777777777777
13.949387755102041
13.960997732426303
13.972607709750568
13.98421768707483
13.995827664399092
14.007437641723357
14.019047619047619
14.030657596371881
14.042267573696146
14.053877551020408
14.065487528344672
14.077097505668934
14.088707482993197
14.100317460317461
14.111927437641723
14.123537414965986
14.13514739229025
14.146757369614512
14.158367346938775
14.169977324263039
14.181587301587301
14.193197278911565
14.204807256235828
14.21641723356009
14.228027210884354
14.239637188208617
14.25124716553288
14.262857142857143
14.274467120181406
14.286077097505668
14.297687074829932
14.309297052154195
14.320907029478459
14.332517006802721
14.344126984126984
14.355736961451248
14.36734693877551
14.378956916099773
14.390566893424037
14.402176870748299
14.413786848072561
14.425396825396826
14.437006802721088
14.448616780045352
14.460226757369615
14.471836734693877
14.483446712018141
14.495056689342404
14.506666666666666
14.51827664399093
14.529886621315192
14.541496598639457
14.553106575963719
14.564716553287981
14.576326530612246
14.587936507936508
14.59954648526077
14.611156462585035
14.622766439909297
14.63437641723356
14.645986394557823
14.657596371882086
14.66920634920635
14.680816326530612
14.692426303854875
14.704036281179139
14.715646258503401
14.727256235827664
14.738866213151928
14.75047619047619
14.762086167800453
14.773696145124717
14.78530612244898
14.796916099773243
14.808526077097506
14.820136054421768
14.831746031746032
14.843356009070295
14.854965986394557
14.866575963718821
14.878185941043084
14.889795918367346
14.90140589569161
14.913015873015873
14.924625850340137
14.9362358276644
14.947845804988662
14.959455782312926
14.971065759637188
14.98267573696145
14.994285714285715
15.005895691609977
15.017505668934241
15.029115646258504
15.040725623582766
15.05233560090703
15.063945578231293
15.075555555555555
15.087165532879819
15.098775510204081
15.110385487528344
15.121995464852608
15.13360544217687
15.145215419501135
15.156825396825397
15.16843537414966
15.180045351473924
15.191655328798186
15.203265306122448
15.214875283446712
15.226485260770975
15.238095238095237
15.249705215419501
15.261315192743764
15.272925170068028
15.28453514739229
15.296145124716553
15.307755102040817
15.31936507936508
15.330975056689342
15.342585034013606
15.354195011337868
15.365804988662132
15.377414965986395
15.389024943310657
15.400634920634921
15.412244897959184
15.423854875283446
15.43546485260771
15.447074829931973
15.458684807256235
15.4702947845805
15.481904761904762
15.493514739229026
15.505124716553288
15.51673469387755
15.528344671201815
15.539954648526077
15.55156462585034
15.563174603174604
15.574784580498866
15.586394557823128
15.598004535147393
15.609614512471655
15.62122448979592
15.632834467120182
15.644444444444444
15.656054421768708
15.66766439909297
15.679274376417233
15.690884353741497
15.70249433106576
15.714104308390022
15.725714285714286
15.737324263038548
15.748934240362813
15.760544217687075
15.772154195011337
15.783764172335601
15.795374149659864
15.806984126984126
15.81859410430839
15.830204081632653
15.841814058956917
15.85342403628118
15.865034013605442
15.876643990929706
15.888253968253968
15.89986394557823
15.911473922902495
15.923083900226757
15.93469387755102
15.946303854875284
15.957913832199546
15.96952380952381
15.981133786848073
15.992743764172335
16.004353741496598
16.015963718820863
16.027573696145126
16.03918367346939
16.05079365079365
16.062403628117913
16.074013605442175
16.08562358276644
16.097233560090704
16.108843537414966
16.12045351473923
16.13206349206349
16.143673469387757
16.15528344671202
16.16689342403628
16.178503401360544
16.190113378684806
16.20172335600907
16.213333333333335
16.224943310657597
16.23655328798186
16.248163265306122
16.259773242630384
16.27138321995465
16.282993197278913
16.294603174603175
16.306213151927437
16.3178231292517
16.329433106575962
16.341043083900228
16.35265306122449
16.364263038548753
16.375873015873015
16.387482993197278
16.399092970521544
16.410702947845806
16.42231292517007
16.43392290249433
16.445532879818593
16.457142857142856
16.46875283446712
16.480362811791384
16.491972789115646
16.50358276643991
16.51519274376417
16.526802721088437
16.5384126984127
16.55002267573696
16.561632653061224
16.573242630385487
16.58485260770975
16.596462585034015
16.608072562358277
16.61968253968254
16.631292517006802
16.642902494331064
16.65451247165533
16.666122448979593
16.677732426303855
16.689342403628117
16.70095238095238
16.712562358276642
16.724172335600908
16.73578231292517
16.747392290249433
16.759002267573695
16.770612244897958
16.782222222222224
16.793832199546486
16.80544217687075
16.81705215419501
16.828662131519273
16.840272108843536
16.8518820861678
16.863492063492064
16.875102040816326
16.88671201814059
16.89832199546485
16.909931972789117
16.92154195011338
16.933151927437642
16.944761904761904
16.956371882086167
16.967981859410433
16.979591836734695
16.991201814058957
17.00281179138322
17.014421768707482
17.026031746031745
17.03764172335601
17.049251700680273
17.060861678004535
17.072471655328798
17.08408163265306
17.095691609977326
17.10730158730159
17.11891156462585
17.130521541950113
17.142131519274376
17.153741496598638
17.165351473922904
17.176961451247166
17.18857142857143
17.20018140589569
17.211791383219953
17.22340136054422
17.23501133786848
17.246621315192744
17.258231292517006
17.26984126984127
17.28145124716553
17.293061224489797
17.30467120181406
17.316281179138322
17.327891156462584
17.339501133786847
17.351111111111113
17.362721088435375
17.374331065759637
17.3859410430839
17.397551020408162
17.409160997732425
17.42077097505669
17.432380952380953
17.443990929705215
17.455600907029478
17.46721088435374
17.478820861678006
17.49043083900227
17.50204081632653
17.513650793650793
17.525260770975056
17.536870748299318
17.548480725623584
17.560090702947846
17.57170068027211
17.58331065759637
17.594920634920634
17.6065306122449
17.618140589569162
17.629750566893424
17.641360544217687
17.65297052154195
17.66458049886621
17.676190476190477
17.68780045351474
17.699410430839002
17.711020408163265
17.722630385487527
17.734240362811793
17.745850340136055
17.757460317460318
17.76907029478458
17.780680272108842
17.79229024943311
17.80390022675737
17.815510204081633
17.827120181405895
17.838730158730158
17.85034013605442
17.861950113378686
17.87356009070295
17.88517006802721
17.896780045351473
17.908390022675736
17.92
17.931609977324264
17.943219954648526
17.95482993197279
17.96643990929705
17.978049886621314
17.98965986394558
18.001269841269842
18.012879818594104
18.024489795918367
18.03609977324263
18.047709750566895
18.059319727891157
18.07092970521542
18.082539682539682
18.094149659863945
18.105759637188207
18.117369614512473
18.128979591836735
18.140589569160998
18.15219954648526
18.163809523809523
18.17541950113379
18.18702947845805
18.198639455782313
18.210249433106576
18.221859410430838
18.2334693877551
18.245079365079366
18.25668934240363
18.26829931972789
18.279909297052154
18.291519274376416
18.303129251700682
18.314739229024944
18.326349206349207
18.33795918367347
18.34956916099773
18.361179138321994
18.37278911564626
18.384399092970522
18.396009070294784
18.407619047619047
18.41922902494331
18.430839002267575
18.442448979591838
18.4540589569161
18.465668934240362
18.477278911564625
18.488888888888887
18.500498866213153
18.512108843537415
18.523718820861678
18.53532879818594
18.546938775510203
18.55854875283447
18.57015873015873
18.581768707482993
18.593378684807256
18.604988662131518
18.616598639455784
18.628208616780046
18.63981859410431
18.65142857142857
18.663038548752834
18.674648526077096
18.686258503401362
18.697868480725624
18.709478458049887
18.72108843537415
18.73269841269841
18.744308390022677
18.75591836734694
18.767528344671202
18.779138321995465
18.790748299319727
18.80235827664399
18.813968253968255
18.825578231292518
18.83718820861678
18.848798185941043
18.860408163265305
18.87201814058957
18.883628117913833
18.895238095238096
18.906848072562358
18.91845804988662
18.930068027210883
18.94167800453515
18.95328798185941
18.964897959183673
18.976507936507936
18.9881179138322
18.999727891156464
19.011337868480727
19.02294784580499
19.03455782312925
19.046167800453514
19.057777777777776
19.069387755102042
19.080997732426304
19.092607709750567
19.10421768707483
19.11582766439909
19.127437641723358
19.13904761904762
19.150657596371882
19.162267573696145
19.173877551020407
19.18548752834467
19.197097505668935
19.208707482993198
19.22031746031746
19.231927437641723
19.243537414965985
19.25514739229025
19.266757369614513
19.278367346938776
19.289977324263038
19.3015873015873
19.313197278911563
19.32480725623583
19.33641723356009
19.348027210884354
19.359637188208616
19.37124716553288
19.382857142857144
19.394467120181407
19.40607709750567
19.41768707482993
19.429297052154194
19.440907029478456
19.452517006802722
19.464126984126985
19.475736961451247
19.48734693877551
19.49895691609977
19.510566893424038
19.5221768707483
19.533786848072562
19.545396825396825
19.557006802721087
19.568616780045353
19.580226757369616
19.591836734693878
19.60344671201814
19.615056689342403
19.626666666666665
19.63827664399093
19.649886621315193
19.661496598639456
19.67310657596372
19.68471655328798
19.696326530612247
19.70793650793651
19.71954648526077
19.731156462585034
19.742766439909296
19.75437641723356
19.765986394557824
19.777596371882087
19.78920634920635
19.80081632653061
19.812426303854874
19.82403628117914
19.835646258503402
19.847256235827665
19.858866213151927
19.87047619047619
19.882086167800452
19.893696145124718
19.90530612244898
19.916916099773243
19.928526077097505
19.940136054421767
19.951746031746033
19.963356009070296
19.974965986394558
19.98657596371882
19.998185941043083
20.009795918367345
20.02140589569161
20.033015873015874
20.044625850340136
20.0562358276644
20.06784580498866
20.079455782312927
20.09106575963719
20.10267573696145
20.114285714285714
20.125895691609976
20.13750566893424
20.149115646258505
20.160725623582767
20.17233560090703
20.18394557823129
20.195555555555554
20.20716553287982
20.218775510204082
20.230385487528345
20.241995464852607
20.25360544217687
20.265215419501132
20.276825396825398
20.28843537414966
20.300045351473923
20.311655328798185
20.323265306122448
20.334875283446713
20.346485260770976
20.35809523809524
20.3697052154195
20.381315192743763
20.39292517006803
20.40453514739229
20.416145124716554
20.427755102040816
20.43936507936508
20.45097505668934
20.462585034013607
20.47419501133787
20.48580498866213
20.497414965986394
20.509024943310656
20.520634920634922
20.532244897959185
20.543854875283447
20.55546485260771
20.567074829931972
20.578684807256234
20.5902947845805
20.601904761904763
20.613514739229025
20.625124716553287
20.63673469387755
20.648344671201816
20.659954648526078
20.67156462585034
20.683174603174603
20.694784580498865
20.706394557823128
20.718004535147394
20.729614512471656
20.74122448979592
20.75283446712018
20.764444444444443
20.77605442176871
20.78766439909297
20.799274376417234
20.810884353741496
20.82249433106576
20.83410430839002
20.845714285714287
20.85732426303855
20.86893424036281
20.880544217687074
20.892154195011337
20.903764172335602
20.915374149659865
20.926984126984127
20.93859410430839
20.950204081632652
20.961814058956914
20.97342403628118
20.985034013605443
20.996643990929705
21.008253968253968
21.01986394557823
21.031473922902496
21.04308390022676
21.05469387755102
21.066303854875283
21.077913832199545
21.089523809523808
21.101133786848074
21.112743764172336
21.1243537414966
21.13596371882086
21.147573696145123
21.15918367346939
21.17079365079365
21.182403628117914
21.194013605442176
21.20562358276644
21.217233560090705
21.228843537414967
21.24045351473923
21.252063492063492
21.263673469387754
21.275283446712017
21.286893424036283
21.298503401360545
21.310113378684807
21.32172335600907
21.333333333333332
21.344943310657598
21.35655328798186
21.368163265306123
21.379773242630385
21.391383219954648
21.40299319727891
21.414603174603176
21.42621315192744
21.4378231292517
21.449433106575963
21.461043083900226
21.47265306122449
21.484263038548754
21.495873015873016
21.50748299319728
21.51909297052154
21.530702947845803
21.54231292517007
21.55392290249433
21.565532879818594
21.577142857142857
21.58875283446712
21.600362811791385
21.611972789115647
21.62358276643991
21.635192743764172
21.646802721088434
21.658412698412697
21.670022675736963
21.681632653061225
21.693242630385488
21.70485260770975
21.716462585034012
21.728072562358278
21.73968253968254
21.751292517006803
21.762902494331065
21.774512471655328
21.78612244897959
21.797732426303856
21.80934240362812
21.82095238095238
21.832562358276643
21.844172335600906
21.85578231292517
21.867392290249434
21.879002267573696
21.89061224489796
21.90222222222222
21.913832199546484
21.92544217687075
21.937052154195012
21.948662131519274
21.960272108843537
21.9718820861678
21.983492063492065
21.995102040816327
22.00671201814059
22.018321995464852
22.029931972789115
22.041541950113377
22.053151927437643
22.064761904761905
22.076371882086168
22.08798185941043
22.099591836734692
22.11120181405896
22.12281179138322
22.134421768707483
22.146031746031746
22.157641723356008
22.169251700680274
22.180861678004536
22.1924716553288
22.20408163265306
22.215691609977323
22.227301587301586
22.23891156462585
22.250521541950114
22.262131519274377
22.27374149659864
22.2853514739229
22.296961451247167
22.30857142857143
22.320181405895692
22.331791383219954
22.343401360544217
22.35501133786848
22.366621315192745
22.378231292517007
22.38984126984127
22.401451247165532
22.413061224489795
22.42467120181406
22.436281179138323
22.447891156462585
22.459501133786848
22.47111111111111
22.482721088435373
22.49433106575964
22.5059410430839
22.517551020408163
22.529160997732426
22.540770975056688
22.552380952380954
22.563990929705216
22.57560090702948
22.58721088435374
22.598820861678004
22.610430839002266
22.622040816326532
22.633650793650794
22.645260770975057
22.65687074829932
22.66848072562358
22.680090702947847
22.69170068027211
22.703310657596372
22.714920634920635
22.726530612244897
22.73814058956916
22.749750566893425
22.761360544217688
22.77297052154195
22.784580498866212
22.796190476190475
22.80780045351474
22.819410430839003
22.831020408163266
22.842630385487528
22.85424036281179
22.865850340136053
22.87746031746032
22.88907029478458
22.900680272108843
22.912290249433106
22.923900226757368
22.935510204081634
22.947120181405896
22.95873015873016
22.97034013605442
22.981950113378684
22.99356009070295
23.005170068027212
23.016780045351474
23.028390022675737
23.04
23.05160997732426
23.063219954648527
23.07482993197279
23.086439909297052
23.098049886621315
23.109659863945577
23.121269841269843
23.132879818594105
23.144489795918368
23.15609977324263
23.167709750566893
23.179319727891155
23.19092970521542
23.202539682539683
23.214149659863946
23.225759637188208
23.23736961451247
23.248979591836736
23.260589569161
23.27219954648526
23.283809523809524
23.295419501133786
23.30702947845805
23.318639455782314
23.330249433106577
23.34185941043084
23.3534693877551
23.365079365079364
23.37668934240363
23.388299319727892
23.399909297052154
23.411519274376417
23.42312925170068
23.43473922902494
23.446349206349208
23.45795918367347
23.469569160997732
23.481179138321995
23.492789115646257
23.504399092970523
23.516009070294785
23.527619047619048
23.53922902494331
23.550839002267573
23.562448979591835
23.5740589569161
23.585668934240363
23.597278911564626
23.608888888888888
23.62049886621315
23.632108843537416
23.64371882086168
23.65532879818594
23.666938775510204
23.678548752834466
23.69015873015873
23.701768707482994
23.713378684807257
23.72498866213152
23.73659863945578
23.748208616780044
23.75981859410431
23.771428571428572
23.783038548752835
23.794648526077097
23.80625850340136
23.817868480725625
23.829478458049888
23.84108843537415
23.852698412698413
23.864308390022675
23.875918367346937
23.887528344671203
23.899138321995466
23.910748299319728
23.92235827664399
23.933968253968253
23.94557823129252
23.95718820861678
23.968798185941043
23.980408163265306
23.99201814058957
24.00362811791383
24.015238095238097
24.02684807256236
24.03845804988662
24.050068027210884
24.061678004535146
24.073287981859412
24.084897959183674
24.096507936507937
24.1081179138322
24.11972789115646
24.131337868480724
24.14294784580499
24.154557823129252
24.166167800453515
24.177777777777777
24.18938775510204
24.200997732426305
24.212607709750568
24.22421768707483
24.235827664399093
24.247437641723355
24.259047619047617
24.270657596371883
24.282267573696146
24.293877551020408
24.30548752834467
24.317097505668933
24.3287074829932
24.34031746031746
24.351927437641724
24.363537414965986
24.37514739229025
24.38675736961451
24.398367346938777
24.40997732426304
24.4215873015873
24.433197278911564
24.444807256235826
24.456417233560092
24.468027210884355
24.479637188208617
24.49124716553288
24.502857142857142
24.514467120181404
24.52607709750567
24.537687074829932
24.549297052154195
24.560907029478457
24.57251700680272
24.584126984126986
24.595736961451248
24.60734693877551
24.618956916099773
24.630566893424035
24.642176870748298
24.653786848072563
24.665396825396826
24.67700680272109
24.68861678004535
24.700226757369613
24.71183673469388
24.72344671201814
24.735056689342404
24.746666666666666
24.75827664399093
24.769886621315194
24.781496598639457
24.79310657596372
24.80471655328798
24.816326530612244
24.827936507936506
24.839546485260772
24.851156462585035
24.862766439909297
24.87437641723356
24.885986394557822
24.897596371882088
24.90920634920635
24.920816326530613
24.932426303854875
24.944036281179137
24.9556462585034
24.967256235827666
24.978866213151928
24.99047619047619
25.002086167800453
25.013696145124715
25.02530612244898
25.036916099773244
25.048526077097506
25.06013605442177
25.07174603174603
25.083356009070293
25.09496598639456
25.10657596371882
25.118185941043084
25.129795918367346
25.14140589569161
25.153015873015875
25.164625850340137
25.1762358276644
25.18784580498866
25.199455782312924
25.211065759637187
25.222675736961452
25.234285714285715
25.245895691609977
25.25750566893424
25.269115646258502
25.280725623582768
25.29233560090703
25.303945578231293
25.315555555555555
25.327165532879818
25.33877551020408
25.350385487528346
25.36199546485261
25.37360544217687
25.385215419501133
25.396825396825395
25.40843537414966
25.420045351473924
25.431655328798186
25.44326530612245
25.45487528344671
25.466485260770973
25.47809523809524
25.4897052154195
25.501315192743764
25.512925170068026
25.52453514739229
25.536145124716555
25.547755102040817
25.55936507936508
25.570975056689342
25.582585034013604
25.59419501133787
25.605804988662133
25.617414965986395
25.629024943310657
25.64063492063492
25.652244897959182
25.663854875283448
25.67546485260771
25.687074829931973
25.698684807256235
25.710294784580498
25.721904761904764
25.733514739229026
25.74512471655329
25.75673469387755
25.768344671201813
25.779954648526076
25.79156462585034
25.803174603174604
25.814784580498866
25.82639455782313
25.83800453514739
25.849614512471657
25.86122448979592
25.87283446712018
25.884444444444444
25.896054421768707
25.90766439909297
25.919274376417235
25.930884353741497
25.94249433106576
25.954104308390022
25.965714285714284
25.97732426303855
25.988934240362813
26.000544217687075
26.012154195011338
26.0237641723356
26.035374149659862
26.04698412698413
26.05859410430839
26.070204081632653
26.081814058956915
26.093424036281178
26.105034013605444
26.116643990929706
26.12825396825397
26.13986394557823
26.151473922902493
26.163083900226756
26.17469387755102
26.186303854875284
26.197913832199546
26.20952380952381
26.22113378684807
26.232743764172337
26.2443537414966
26.255963718820862
26.267573696145124
26.279183673469387
26.29079365079365
26.302403628117915
26.314013605442177
26.32562358276644
26.337233560090702
26.348843537414965
26.36045351473923
26.372063492063493
26.383673469387755
26.395283446712018
26.40689342403628
26.418503401360546
26.43011337868481
26.44172335600907
26.453333333333333
26.464943310657596
26.476553287981858
26.488163265306124
26.499773242630386
26.51138321995465
26.52299319727891
26.534603174603173
26.54621315192744
26.5578231292517
26.569433106575964
26.581043083900227
26.59265306122449
26.60426303854875
26.615873015873017
26.62748299319728
26.639092970521542
26.650702947845804
26.662312925170067
26.673922902494333
26.685532879818595
26.697142857142858
26.70875283446712
26.720362811791382
26.731972789115645
26.74358276643991
26.755192743764173
26.766802721088435
26.778412698412698
26.79002267573696
26.801632653061226
26.81324263038549
26.82485260770975
26.836462585034013
26.848072562358276
26.859682539682538
26.871292517006804
26.882902494331066
26.89451247165533
26.90612244897959
26.917732426303854
26.92934240362812
26.940952380952382
26.952562358276644
26.964172335600907
26.97578231292517
26.98739229024943
26.999002267573697
27.01061224489796
27.022222222222222
27.033832199546485
27.045442176870747
27.057052154195013
27.068662131519275
27.080272108843538
27.0918820861678
27.103492063492062
27.115102040816325
27.12671201814059
27.138321995464853
27.149931972789116
27.161541950113378
27.17315192743764
27.184761904761906
27.19637188208617
27.20798185941043
27.219591836734693
27.231201814058956
27.242811791383218
27.254421768707484
27.266031746031747
27.27764172335601
27.28925170068027
27.300861678004534
27.3124716553288
27.324081632653062
27.335691609977324
27.347301587301587
27.35891156462585
27.370521541950115
27.382131519274377
27.39374149659864
27.405351473922902
27.416961451247165
27.428571428571427
27.440181405895693
27.451791383219955
27.463401360544218
27.47501133786848
27.486621315192743
27.49823129251701
27.50984126984127
27.521451247165533
27.533061224489796
27.544671201814058
27.55628117913832
27.567891156462586
27.57950113378685
27.59111111111111
27.602721088435374
27.614331065759636
27.625941043083902
27.637551020408164
27.649160997732427
27.66077097505669
27.67238095238095
27.683990929705214
27.69560090702948
27.707210884353742
27.718820861678005
27.730430839002267
27.74204081632653
27.753650793650795
27.765260770975058
27.77687074829932
27.788480725623582
27.800090702947845
27.811700680272107
27.823310657596373
27.834920634920636
27.846530612244898
27.85814058956916
27.869750566893423
27.88136054421769
27.89297052154195
27.904580498866213
27.916190476190476
27.927800453514738
27.939410430839
27.951020408163266
27.96263038548753
27.97424036281179
27.985850340136054
27.997460317460316
28.009070294784582
28.020680272108844
28.032290249433107
28.04390022675737
28.05551020408163
28.067120181405894
28.07873015873016
28.090340136054422
28.101950113378685
28.113560090702947
28.12517006802721
28.136780045351475
28.148390022675738
28.16
28.171609977324263
28.183219954648525
28.19482993197279
28.206439909297053
28.218049886621316
28.229659863945578
28.24126984126984
28.252879818594103
28.26448979591837
28.27609977324263
28.287709750566894
28.299319727891156
28.31092970521542
28.322539682539684
28.334149659863947
28.34575963718821
28.35736961451247
28.368979591836734
28.380589569160996
28.392199546485262
28.403809523809525
28.415419501133787
28.42702947845805
28.43863945578231
28.450249433106578
28.46185941043084
28.473469387755102
28.485079365079365
28.496689342403627
28.50829931972789
28.519909297052155
28.531519274376418
28.54312925170068
28.554739229024943
28.566349206349205
28.57795918367347
28.589569160997733
28.601179138321996
28.612789115646258
28.62439909297052
28.636009070294783
28.64761904761905
28.65922902494331
28.670839002267574
28.682448979591836
28.6940589569161
28.705668934240364
28.717278911564627
28.72888888888889
28.74049886621315
28.752108843537414
28.763718820861676
28.775328798185942
28.786938775510205
28.798548752834467
28.81015873015873
28.821768707482992
28.833378684807258
28.84498866213152
28.856598639455783
28.868208616780045
28.879818594104307
28.89142857142857
28.903038548752836
28.914648526077098
28.92625850340136
28.937868480725623
28.949478458049885
28.96108843537415
28.972698412698414
28.984308390022676
28.99591836734694
29.0075283446712
29.019138321995467
29.03074829931973
29.04235827664399
29.053968253968254
29.065578231292516
29.07718820861678
29.088798185941044
29.100408163265307
29.11201814058957
29.12362811791383
29.135238095238094
29.14684807256236
29.158458049886622
29.170068027210885
29.181678004535147
29.19328798185941
29.204897959183672
29.216507936507938
29.2281179138322
29.239727891156463
29.251337868480725
29.262947845804987
29.274557823129253
29.286167800453516
29.297777777777778
29.30938775510204
29.320997732426303
29.332607709750565
29.34421768707483
29.355827664399094
29.367437641723356
29.37904761904762
29.39065759637188
29.402267573696147
29.41387755102041
29.42548752834467
29.437097505668934
29.448707482993196
29.46031746031746
29.471927437641725
29.483537414965987
29.49514739229025
29.506757369614512
29.518367346938774
29.52997732426304
29.541587301587303
29.553197278911565
29.564807256235827
29.57641723356009
29.588027210884352
29.599637188208618
29.61124716553288
29.622857142857143
29.634467120181405
29.646077097505668
29.657687074829933
29.669297052154196
29.68090702947846
29.69251700680272
29.704126984126983
29.715736961451245
29.72734693877551
29.738956916099774
29.750566893424036
29.7621768707483
29.77378684807256
29.785396825396827
29.79700680272109
29.80861678004535
29.820226757369614
29.831836734693876
29.843446712018142
29.855056689342405
29.866666666666667
29.87827664399093
29.889886621315192
29.901496598639454
29.91310657596372
29.924716553287983
29.936326530612245
29.947936507936507
29.95954648526077
29.971156462585036
29.982766439909298
29.99437641723356
30.005986394557823
30.017596371882085
30.029206349206348
30.040816326530614
30.052426303854876
30.06403628117914
30.0756462585034
30.087256235827663
30.09886621315193
30.11047619047619
30.122086167800454
30.133696145124716
30.14530612244898
30.15691609977324
30.168526077097507
30.18013605442177
30.19174603174603
30.203356009070294
30.214965986394557
30.226575963718822
30.238185941043085
30.249795918367347
30.26140589569161
30.273015873015872
30.284625850340134
30.2962358276644
30.307845804988663
30.319455782312925
30.331065759637188
30.34267573696145
30.354285714285716
30.36589569160998
30.37750566893424
30.389115646258503
30.400725623582765
30.412335600907028
30.423945578231294
30.435555555555556
30.44716553287982
30.45877551020408
30.470385487528343
30.48199546485261
30.49360544217687
30.505215419501134
30.516825396825396
30.52843537414966
30.54004535147392
30.551655328798187
30.56326530612245
30.574875283446712
30.586485260770974
30.598095238095237
30.609705215419503
30.621315192743765
30.632925170068027
30.64453514739229
30.656145124716552
30.667755102040815
30.67936507936508
30.690975056689343
30.702585034013605
30.714195011337868
30.72580498866213
30.737414965986396
30.74902494331066
30.76063492063492
30.772244897959183
30.783854875283446
30.79546485260771
30.807074829931974
30.818684807256236
30.8302947845805
30.84190476190476
30.853514739229023
30.86512471655329
30.87673469387755
30.888344671201814
30.899954648526077
30.91156462585034
30.923174603174605
30.934784580498867
30.94639455782313
30.958004535147392
30.969614512471654
30.981224489795917
30.992834467120183
31.004444444444445
31.016054421768708
31.02766439909297
31.039274376417232
31.0508843537415
31.06249433106576
31.074104308390023
31.085714285714285
31.097324263038548
31.10893424036281
31.120544217687076
31.13215419501134
31.1437641723356
31.155374149659863
31.166984126984126
31.17859410430839
31.190204081632654
31.201814058956916
31.21342403628118
31.22503401360544
31.236643990929704
31.24825396825397
31.259863945578232
31.271473922902494
31.283083900226757
31.29469387755102
31.306303854875285
31.317913832199547
31.32952380952381
31.341133786848072
31.352743764172335
31.364353741496597
31.375963718820863
31.387573696145125
31.399183673469388
31.41079365079365
31.422403628117912
31.43401360544218
31.44562358276644
31.457233560090703
31.468843537414966
31.480453514739228
31.49206349206349
31.503673469387756
31.51528344671202
31.52689342403628
31.538503401360543
31.550113378684806
31.56172335600907
31.573333333333334
31.584943310657597
31.59655328798186
31.60816326530612
31.619773242630387
31.63138321995465
31.642993197278912
31.654603174603174
31.666213151927437
31.6778231292517
31.689433106575965
31.701043083900228
31.71265306122449
31.724263038548752
31.735873015873015
31.74748299319728
31.759092970521543
31.770702947845805
31.782312925170068
31.79392290249433
31.805532879818593
31.81714285714286
31.82875283446712
31.840362811791383
31.851972789115646
31.863582766439908
31.875192743764174
31.886802721088436
31.8984126984127
31.91002267573696
31.921632653061224
31.933242630385486
31.944852607709752
31.956462585034014
31.968072562358277
31.97968253968254
31.9912925170068
32.00290249433107
32.01451247165533
32.02612244897959
32.037732426303855
32.04934240362812
32.06095238095238
32.07256235827664
32.084172335600904
32.095782312925174
32.107392290249436
32.1190022675737
32.13061224489796
32.14222222222222
32.153832199546486
32.16544217687075
32.17705215419501
32.18866213151927
32.200272108843535
32.2118820861678
32.22349206349207
32.23510204081633
32.24671201814059
32.258321995464854
32.26993197278912
32.28154195011338
32.29315192743764
32.304761904761904
32.316371882086166
32.32798185941043
32.33959183673469
32.35120181405896
32.36281179138322
32.374421768707485
32.38603174603175
32.39764172335601
32.40925170068027
32.420861678004535
32.4324716553288
32.44408163265306
32.45569160997732
32.467301587301584
32.478911564625854
32.490521541950116
32.50213151927438
32.51374149659864
32.5253514739229
32.536961451247166
32.54857142857143
32.56018140589569
32.57179138321995
32.583401360544215
32.59501133786848
32.60662131519275
32.61823129251701
32.62984126984127
32.641451247165534
32.6530612244898
32.66467120181406
32.67628117913832
32.687891156462584
32.699501133786846
32.71111111111111
32.72272108843537
32.73433106575964
32.7459410430839
32.757551020408165
32.76916099773243
32.78077097505669
32.79238095238095
32.803990929705215
32.81560090702948
32.82721088435374
32.838820861678
32.850430839002264
32.862040816326534
32.873650793650796
32.88526077097506
32.89687074829932
32.90848072562358
32.920090702947846
32.93170068027211
32.94331065759637
32.95492063492063
32.966530612244895
32.97814058956916
32.98975056689343
33.00136054421769
33.01297052154195
33.024580498866214
33.03619047619048
33.04780045351474
33.059410430839
33.071020408163264
33.082630385487526
33.09424036281179
33.10585034013605
33.11746031746032
33.12907029478458
33.140680272108845
33.15229024943311
33.16390022675737
33.17551020408163
33.187120181405895
33.19873015873016
33.21034013605442
33.22195011337868
33.233560090702944
33.245170068027214
33.256780045351476
33.26839002267574
33.28
33.29160997732426
33.303219954648526
33.31482993197279
33.32643990929705
33.33804988662131
33.349659863945575
33.36126984126984
33.37287981859411
33.38448979591837
33.39609977324263
33.407709750566895
33.41931972789116
33.43092970521542
33.44253968253968
33.454149659863944
33.46575963718821
33.47736961451247
33.48897959183673
33.500589569161
33.51219954648526
33.523809523809526
33.53541950113379
33.54702947845805
33.55863945578231
33.570249433106575
33.58185941043084
33.5934693877551
33.60507936507936
33.616689342403625
33.628299319727894
33.63990929705216
33.65151927437642
33.66312925170068
33.674739229024944
33.686349206349206
33.69795918367347
33.70956916099773
33.72117913832199
33.732789115646256
33.744399092970525
33.75600907029479
33.76761904761905
33.77922902494331
33.790839002267575
33.80244897959184
33.8140589569161
33.82566893424036
33.837278911564624
33.84888888888889
33.86049886621315
33.87210884353742
33.88371882086168
33.89532879818594
33.906938775510206
33.91854875283447
33.93015873015873
33.94176870748299
33.953378684807255
33.96498866213152
33.97659863945578
33.98820861678004
33.99981859410431
34.011428571428574
34.02303854875284
34.0346485260771
34.04625850340136
34.057868480725624
34.069478458049886
34.08108843537415
34.09269841269841
34.10430839002267
34.115918367346936
34.127528344671205
34.13913832199547
34.15074829931973
34.16235827664399
34.173968253968255
34.18557823129252
34.19718820861678
34.20879818594104
34.220408163265304
34.23201814058957
34.24362811791383
34.2552380952381
34.26684807256236
34.27845804988662
34.290068027210886
34.30167800453515
34.31328798185941
34.32489795918367
34.336507936507935
34.3481179138322
34.35972789115646
34.37133786848072
34.38294784580499
34.394557823129254
34.40616780045352
34.41777777777778
34.42938775510204
34.440997732426304
34.452607709750566
34.46421768707483
34.47582766439909
34.48743764172335
34.499047619047616
34.510657596371885
34.52226757369615
34.53387755102041
34.54548752834467
34.557097505668935
34.5687074829932
34.58031746031746
34.59192743764172
34.603537414965984
34.61514739229025
34.62675736961451
34.63836734693878
34.64997732426304
34.6615873015873
34.673197278911566
34.68480725623583
34.69641723356009
34.70802721088435
34.719637188208615
34.73124716553288
34.74285714285714
34.7544671201814
34.76607709750567
34.777687074829934
34.7892970521542
34.80090702947846
34.81251700680272
34.824126984126984
34.835736961451246
34.84734693877551
34.85895691609977
34.870566893424034
34.882176870748296
34.893786848072565
34.90539682539683
34.91700680272109
34.92861678004535
34.940226757369615
34.95183673469388
34.96344671201814
34.9750566893424
34.986666666666665
34.99827664399093
35.00988662131519
35.02149659863946
35.03310657596372
35.044716553287984
35.056326530612246
35.06793650793651
35.07954648526077
35.09115646258503
35.102766439909296
35.11437641723356
35.12598639455782
35.13759637188208
35.14920634920635
35.160816326530615
35.17242630385488
35.18403628117914
35.1956462585034
35.207256235827664
35.21886621315193
35.23047619047619
35.24208616780045
35.253696145124714
35.265306122448976
35.276916099773246
35.28852607709751
35.30013605442177
35.31174603174603
35.323356009070295
35.33496598639456
35.34657596371882
35.35818594104308
35.369795918367345
35.38140589569161
35.39301587301587
35.40462585034014
35.4162358276644
35.427845804988664
35.439455782312926
35.45106575963719
35.46267573696145
35.47428571428571
35.485895691609976
35.49750566893424
35.5091156462585
35.52072562358277
35.53233560090703
35.543945578231295
35.55555555555556
35.56716553287982
35.57877551020408
35.590385487528344
35.60199546485261
35.61360544217687
35.62521541950113
35.636825396825394
35.64843537414966
35.660045351473926
35.67165532879819
35.68326530612245
35.69487528344671
35.706485260770975
35.71809523809524
35.7297052154195
35.74131519274376
35.752925170068025
35.76453514739229
35.77614512471656
35.78775510204082
35.79936507936508
35.810975056689344
35.822585034013606
35.83419501133787
35.84580498866213
35.85741496598639
35.869024943310656
35.88063492063492
35.89224489795918
35.90385487528345
35.91546485260771
35.927074829931975
35.93868480725624
35.9502947845805
35.96190476190476
35.973514739229024
35.98512471655329
35.99673469387755
36.00834467120181
36.019954648526074
36.03156462585034
36.043174603174606
36.05478458049887
36.06639455782313
36.07800453514739
36.089614512471655
36.10122448979592
36.11283446712018
36.12444444444444
36.136054421768705
36.14766439909297
36.15927437641724
36.1708843537415
36.18249433106576
36.194104308390024
36.205714285714286
36.21732426303855
36.22893424036281
36.240544217687074
36.252154195011336
36.2637641723356
36.27537414965986
36.28698412698413
36.29859410430839
36.310204081632655
36.32181405895692
36.33342403628118
36.34503401360544
36.356643990929705
36.36825396825397
36.37986394557823
36.39147392290249
36.403083900226754
36.414693877551024
36.426303854875286
36.43791383219955
36.44952380952381
36.46113378684807
36.472743764172336
36.4843537414966
36.49596371882086
36.50757369614512
36.519183673469385
36.53079365079365
36.54240362811792
36.55401360544218
36.56562358276644
36.577233560090704
36.58884353741497
36.60045351473923
36.61206349206349
36.623673469387754
36.635283446712016
36.64689342403628
36.65850340136054
36.67011337868481
36.68172335600907
36.693333333333335
36.7049433106576
36.71655328798186
36.72816326530612
36.739773242630385
36.75138321995465
36.76299319727891
36.77460317460317
36.786213151927434
36.797823129251704
36.809433106575966
36.82104308390023
36.83265306122449
36.84426303854875
36.855873015873016
36.86748299319728
36.87909297052154
36.8907029478458
36.902312925170065
36.91392290249433
36.9255328798186
36.93714285714286
36.94875283446712
36.960362811791384
36.97197278911565
36.98358276643991
36.99519274376417
37.006802721088434
37.018412698412696
37.03002267573696
37.04163265306122
37.05324263038549
37.06485260770975
37.076462585034015
37.08807256235828
37.09968253968254
37.1112925170068
37.122902494331065
37.13451247165533
37.14612244897959
37.15773242630385
37.169342403628114
37.180952380952384
37.192562358276646
37.20417233560091
37.21578231292517
37.22739229024943
37.239002267573696
37.25061224489796
37.26222222222222
37.27383219954648
37.285442176870745
37.297052154195015
37.30866213151928
37.32027210884354
37.3318820861678
37.343492063492064
37.35510204081633
37.36671201814059
37.37832199546485
37.389931972789114
37.401541950113376
37.41315192743764
37.42476190476191
37.43637188208617
37.44798185941043
37.459591836734695
37.47120181405896
37.48281179138322
37.49442176870748
37.506031746031745
37.51764172335601
37.52925170068027
37.54086167800453
37.5524716553288
37.564081632653064
37.575691609977326
37.58730158730159
37.59891156462585
37.61052154195011
37.622131519274376
37.63374149659864
37.6453514739229
37.65696145124716
37.668571428571425
37.680181405895695
37.69179138321996
37.70340136054422
37.71501133786848
37.726621315192745
37.73823129251701
37.74984126984127
37.76145124716553
37.773061224489794
37.78467120181406
37.79628117913832
37.80789115646259
37.81950113378685
37.83111111111111
37.842721088435376
37.85433106575964
37.8659410430839
37.87755102040816
37.889160997732425
37.90077097505669
37.91238095238095
37.92399092970521
37.93560090702948
37.947210884353744
37.95882086167801
37.97043083900227
37.98204081632653
37.993650793650794
38.005260770975056
38.01687074829932
38.02848072562358
38.04009070294784
38.051700680272106
38.063310657596375
38.07492063492064
38.0865306122449
38.09814058956916
38.109750566893425
38.12136054421769
38.13297052154195
38.14458049886621
38.156190476190474
38.16780045351474
38.179410430839
38.19102040816327
38.20263038548753
38.21424036281179
38.225850340136056
38.23746031746032
38.24907029478458
38.26068027210884
38.272290249433105
38.28390022675737
38.29551020408163
38.30712018140589
38.31873015873016
38.330340136054424
38.34195011337869
38.35356009070295
38.36517006802721
38.376780045351474
38.388390022675736
38.4
38.41160997732426
38.42321995464852
38.434829931972786
38.446439909297055
38.45804988662132
38.46965986394558
38.48126984126984
38.492879818594105
38.50448979591837
38.51609977324263
38.52770975056689
38.539319727891154
38.55092970521542
38.56253968253968
38.57414965986395
38.58575963718821
38.59736961451247
38.608979591836736
38.620589569161
38.63219954648526
38.64380952380952
38.655419501133785
38.66702947845805
38.67863945578231
38.69024943310657
38.70185941043084
38.713469387755104
38.72507936507937
38.73668934240363
38.74829931972789
38.759909297052154
38.771519274376416
38.78312925170068
38.79473922902494
38.8063492063492
38.817959183673466
38.829569160997735
38.841179138322
38.85278911564626
38.86439909297052
38.876009070294785
38.88761904761905
38.89922902494331
38.91083900226757
38.922448979591834
38.9340589569161
38.945668934240366
38.95727891156463
38.96888888888889
38.98049886621315
38.992108843537416
39.00371882086168
39.01532879818594
39.0269387755102
39.038548752834465
39.05015873015873
39.06176870748299
39.07337868480726
39.08498866213152
39.096598639455785
39.10820861678005
39.11981859410431
39.13142857142857
39.143038548752834
39.1546485260771
39.16625850340136
39.17786848072562
39.189478458049884
39.20108843537415
39.212698412698415
39.22430839002268
39.23591836734694
39.2475283446712
39.259138321995465
39.27074829931973
39.28235827664399
39.29396825396825
39.305578231292515
39.31718820861678
39.32879818594105
39.34040816326531
39.35201814058957
39.363628117913834
39.375238095238096
39.38684807256236
39.39845804988662
39.41006802721088
39.421678004535146
39.43328798185941
39.44489795918367
39.45650793650794
39.4681179138322
39.479727891156465
39.49133786848073
39.50294784580499
39.51455782312925
39.526167800453514
39.53777777777778
39.54938775510204
39.5609977324263
39.572607709750564
39.58421768707483
39.595827664399096
39.60743764172336
39.61904761904762
39.63065759637188
39.642267573696145
39.65387755102041
39.66548752834467
39.67709750566893
39.688707482993195
39.70031746031746
39.71192743764173
39.72353741496599
39.73514739229025
39.746757369614514
39.758367346938776
39.76997732426304
39.7815873015873
39.79319727891156
39.804807256235826
39.81641723356009
39.82802721088435
39.83963718820862
39.85124716553288
39.862857142857145
39.87446712018141
39.88607709750567
39.89768707482993
39.909297052154194
39.92090702947846
39.93251700680272
39.94412698412698
39.955736961451244
39.96734693877551
39.978956916099776
39.99056689342404
40.0021768707483
40.01378684807256
40.025396825396825
40.03700680272109
40.04861678004535
40.06022675736961
40.071836734693875
40.08344671201814
40.09505668934241
40.10666666666667
40.11827664399093
40.129886621315194
40.141496598639456
40.15310657596372
40.16471655328798
40.17632653061224
40.187936507936506
40.19954648526077
40.21115646258503
40.2227664399093
40.23437641723356
40.245986394557825
40.25759637188209
40.26920634920635
40.28081632653061
40.292426303854874
40.30403628117914
40.3156462585034
40.32725623582766
40.338866213151924
40.35047619047619
40.362086167800456
40.37369614512472
40.38530612244898
40.39691609977324
40.408526077097505
40.42013605442177
40.43174603174603
40.44335600907029
40.454965986394555
40.46657596371882
40.47818594104309
40.48979591836735
40.50140589569161
40.513015873015874
40.524625850340136
40.5362358276644
40.54784580498866
40.559455782312924
40.571065759637186
40.58267573696145
40.59428571428571
40.60589569160998
40.61750566893424
40.629115646258505
40.64072562358277
40.65233560090703
40.66394557823129
40.675555555555555
40.68716553287982
40.69877551020408
40.71038548752834
40.72199546485261
40.733605442176874
40.745215419501136
40.7568253968254
40.76843537414966
40.78004535147392
40.791655328798186
40.80326530612245
40.81487528344671
40.82648526077097
40.838095238095235
40.849705215419505
40.86131519274377
40.87292517006803
40.88453514739229
40.896145124716554
40.90775510204082
40.91936507936508
40.93097505668934
40.942585034013604
40.954195011337866
40.96580498866213
40.9774149659864
40.98902494331066
41.00063492063492
41.012244897959185
41.02385487528345
41.03546485260771
41.04707482993197
41.058684807256235
41.0702947845805
41.08190476190476
41.09351473922902
41.10512471655329
41.116734693877554
41.128344671201816
41.13995464852608
41.15156462585034
41.1631746031746
41.174784580498866
41.18639455782313
41.19800453514739
41.20961451247165
41.221224489795915
41.232834467120185
41.24444444444445
41.25605442176871
41.26766439909297
41.279274376417234
41.2908843537415
41.30249433106576
41.31410430839002
41.325714285714284
41.337324263038546
41.34893424036281
41.36054421768708
41.37215419501134
41.3837641723356
41.395374149659865
41.40698412698413
41.41859410430839
41.43020408163265
41.441814058956915
41.45342403628118
41.46503401360544
41.4766439909297
41.48825396825397
41.499863945578234
41.511473922902496
41.52308390022676
41.53469387755102
41.54630385487528
41.557913832199546
41.56952380952381
41.58113378684807
41.59274376417233
41.604353741496595
41.615963718820865
41.62757369614513
41.63918367346939
41.65079365079365
41.662403628117914
41.67401360544218
41.68562358276644
41.6972335600907
41.708843537414964
41.720453514739226
41.73206349206349
41.74367346938776
41.75528344671202
41.76689342403628
41.778503401360545
41.79011337868481
41.80172335600907
41.81333333333333
41.824943310657595
41.83655328798186
41.84816326530612
41.85977324263038
41.87138321995465
41.882993197278914
41.894603174603176
41.90621315192744
41.9178231292517
41.929433106575964
41.941043083900226
41.95265306122449
41.96426303854875
41.97587301587301
41.987482993197276
41.999092970521545
42.01070294784581
42.02231292517007
42.03392290249433
42.045532879818595
42.05714285714286
42.06875283446712
42.08036281179138
42.091972789115644
42.10358276643991
42.11519274376417
42.12680272108844
42.1384126984127
42.15002267573696
42.161632653061226
42.17324263038549
42.18485260770975
42.19646258503401
42.208072562358275
42.21968253968254
42.2312925170068
42.24290249433106
42.25451247165533
42.266122448979594
42.27773242630386
42.28934240362812
42.30095238095238
42.312562358276644
42.324172335600906
42.33578231292517
42.34739229024943
42.35900226757369
42.370612244897956
42.382222222222225
42.39383219954649
42.40544217687075
42.41705215419501
42.428662131519275
42.44027210884354
42.4518820861678
42.46349206349206
42.475102040816324
42.48671201814059
42.498321995464856
42.50993197278912
42.52154195011338
42.53315192743764
42.544761904761906
42.55637188208617
42.56798185941043
42.57959183673469
42.591201814058955
42.60281179138322
42.61442176870748
42.62603174603175
42.63764172335601
42.649251700680274
42.66086167800454
42.6724716553288
42.68408163265306
42.695691609977324
42.707301587301586
42.71891156462585
42.73052154195011
42.74213151927437
42.75374149659864
42.765351473922905
42.77696145124717
42.78857142857143
42.80018140589569
42.811791383219955
42.82340136054422
42.83501133786848
42.84662131519274
42.858231292517004
42.86984126984127
42.881451247165536
42.8930612244898
42.90467120181406
42.91628117913832
42.927891156462586
42.93950113378685
42.95111111111111
42.96272108843537
42.974331065759635
42.9859410430839
42.99755102040816
43.00916099773243
43.02077097505669
43.032380952380954
43.04399092970522
43.05560090702948
43.06721088435374
43.078820861678004
43.090430839002266
43.10204081632653
43.11365079365079
43.12526077097505
43.13687074829932
43.148480725623585
43.16009070294785
43.17170068027211
43.18331065759637
43.194920634920635
43.2065306122449
43.21814058956916
43.22975056689342
43.241360544217684
43.25297052154195
43.264580498866216
43.27619047619048
43.28780045351474
43.299410430839
43.311020408163266
43.32263038548753
43.33424036281179
43.34585034013605
43.357460317460315
43.36907029478458
43.38068027210884
43.39229024943311
43.40390022675737
43.415510204081635
43.4271201814059
43.43873015873016
43.45034013605442
43.461950113378684
43.47356009070295
43.48517006802721
43.49678004535147
43.508390022675734
43.52
43.531609977324266
43.54321995464853
43.55482993197279
43.56643990929705
43.578049886621315
43.58965986394558
43.60126984126984
43.6128798185941
43.624489795918365
43.63609977324263
43.6477097505669
43.65931972789116
43.67092970521542
43.682539682539684
43.694149659863946
43.70575963718821
43.71736961451247
43.72897959183673
43.740589569160996
43.75219954648526
43.76380952380952
43.77541950113379
43.78702947845805
43.798639455782315
43.81024943310658
43.82185941043084
43.8334693877551
43.845079365079364
43.85668934240363
43.86829931972789
43.87990929705215
43.891519274376414
43.90312925170068
43.914739229024946
43.92634920634921
43.93795918367347
43.94956916099773
43.961179138321995
43.97278911564626
43.98439909297052
43.99600907029478
44.007619047619045
44.01922902494331
44.03083900226758
44.04244897959184
44.0540589569161
44.065668934240364
44.077278911564626
44.08888888888889
44.10049886621315
44.11210884353741
44.123718820861676
44.13532879818594
44.14693877551021
44.15854875283447
44.17015873015873
44.181768707482995
44.19337868480726
44.20498866213152
44.21659863945578
44.228208616780044
44.23981859410431
44.25142857142857
44.26303854875283
44.2746485260771
44.28625850340136
44.297868480725626
44.30947845804989
44.32108843537415
44.33269841269841
44.344308390022675
44.35591836734694
44.3675283446712
44.37913832199546
44.390748299319725
44.402358276643994
44.41396825396826
44.42557823129252
44.43718820861678
44.448798185941044
44.460408163265306
44.47201814058957
44.48362811791383
44.49523809523809
44.506848072562356
44.51845804988662
44.53006802721089
44.54167800453515
44.55328798185941
44.564897959183675
44.57650793650794
44.5881179138322
44.59972789115646
44.611337868480724
44.62294784580499
44.63455782312925
44.64616780045351
44.65777777777778
44.66938775510204
44.680997732426306
44.69260770975057
44.70421768707483
44.71582766439909
44.727437641723355
44.73904761904762
44.75065759637188
44.76226757369614
44.773877551020405
44.785487528344675
44.79709750566894
44.8087074829932
44.82031746031746
44.831927437641724
44.843537414965986
44.85514739229025
44.86675736961451
44.878367346938774
44.889977324263036
44.9015873015873
44.91319727891157
44.92480725623583
44.93641723356009
44.948027210884355
44.95963718820862
44.97124716553288
44.98285714285714
44.994467120181405
45.00607709750567
45.01768707482993
45.02929705215419
45.04090702947846
45.052517006802724
45.064126984126986
45.07573696145125
45.08734693877551
45.09895691609977
45.110566893424036
45.1221768707483
45.13378684807256
45.14539682539682
45.157006802721085
45.168616780045355
45.18022675736962
45.19183673469388
45.20344671201814
45.215056689342404
45.22666666666667
45.23827664399093
45.24988662131519
45.261496598639454
45.273106575963716
45.28471655328798
45.29632653061225
45.30793650793651
45.31954648526077
45.331156462585035
45.3427664399093
45.35437641723356
45.36598639455782
45.377596371882085
45.38920634920635
45.40081632653061
45.41242630385487
45.42403628117914
45.435646258503404
45.447256235827666
45.45886621315193
45.47047619047619
45.48208616780045
45.493696145124716
45.50530612244898
45.51691609977324
45.5285260770975
45.540136054421765
45.551746031746035
45.5633560090703
45.57496598639456
45.58657596371882
45.598185941043084
45.60979591836735
45.62140589569161
45.63301587301587
45.644625850340134
45.656235827664396
45.66784580498866
45.67945578231293
45.69106575963719
45.70267573696145
45.714285714285715
45.72589569160998
45.73750566893424
45.7491156462585
45.760725623582765
45.77233560090703
45.78394557823129
45.79555555555555
45.80716553287982
45.818775510204084
45.830385487528346
45.84199546485261
45.85360544217687
45.86521541950113
45.876825396825396
45.88843537414966
45.90004535147392
45.91165532879818
45.92326530612245
45.934875283446715
45.94648526077098
45.95809523809524
45.9697052154195
45.981315192743764
45.99292517006803
46.00453514739229
46.01614512471655
46.027755102040814
46.039365079365076
46.050975056689346
46.06258503401361
46.07419501133787
46.08580498866213
46.097414965986395
46.10902494331066
46.12063492063492
46.13224489795918
46.143854875283445
46.15546485260771
46.16707482993197
46.17868480725624
46.1902947845805
46.201904761904764
46.213514739229026
46.22512471655329
46.23673469387755
46.248344671201814
46.259954648526076
46.27156462585034
46.2831746031746
46.29478458049886
46.30639455782313
46.318004535147395
46.32961451247166
46.34122448979592
46.35283446712018
46.364444444444445
46.37605442176871
46.38766439909297
46.39927437641723
46.410884353741494
46.42249433106576
46.434104308390026
46.44571428571429
46.45732426303855
46.46893424036281
46.480544217687076
46.49215419501134
46.5037641723356
46.51537414965986
46.526984126984125
46.53859410430839
46.55020408163265
46.56181405895692
46.57342403628118
46.585034013605444
46.59664399092971
46.60825396825397
46.61986394557823
46.631473922902494
46.643083900226756
46.65469387755102
46.66630385487528
46.67791383219954
46.68952380952381
46.701133786848075
46.71274376417234
46.7243537414966
46.73596371882086
46.747573696145125
46.75918367346939
46.77079365079365
46.78240362811791
46.794013605442174
46.80562358276644
46.817233560090706
46.82884353741497
46.84045351473923
46.85206349206349
46.863673469387756
46.87528344671202
46.88689342403628
46.89850340136054
46.910113378684805
46.92172335600907
46.93333333333333
46.9449433106576
46.95655328798186
46.968163265306124
46.97977324263039
46.99138321995465
47.00299319727891
47.014603174603174
47.026213151927436
47.0378231292517
47.04943310657596
47.06104308390022
47.07265306122449
47.084263038548755
47.09587301587302
47.10748299319728
47.11909297052154
47.130702947845805
47.14231292517007
47.15392290249433
47.16553287981859
47.177142857142854
47.18875283446712
47.200362811791386
47.21197278911565
47.22358276643991
47.23519274376417
47.246802721088436
47.2584126984127
47.27002267573696
47.28163265306122
47.293242630385485
47.30485260770975
47.31646258503401
47.32807256235828
47.33968253968254
47.351292517006804
47.36290249433107
47.37451247165533
47.38612244897959
47.397732426303854
47.409342403628116
47.42095238095238
47.43256235827664
47.4441723356009
47.45578231292517
47.467392290249435
47.4790022675737
47.49061224489796
47.50222222222222
47.513832199546485
47.52544217687075
47.53705215419501
47.54866213151927
47.560272108843535
47.571882086167804
47.583492063492066
47.59510204081633
47.60671201814059
47.618321995464854
47.629931972789116
47.64154195011338
47.65315192743764
47.6647619047619
47.676371882086165
47.68798185941043
47.6995918367347
47.71120181405896
47.72281179138322
47.734421768707485
47.74603174603175
47.75764172335601
47.76925170068027
47.780861678004534
47.7924716553288
47.80408163265306
47.81569160997732
47.82730158730159
47.83891156462585
47.850521541950116
47.86213151927438
47.87374149659864
47.8853514739229
47.896961451247165
47.90857142857143
47.92018140589569
47.93179138321995
47.943401360544215
47.955011337868484
47.96662131519275
47.97823129251701
47.98984126984127
48.001451247165534
48.013061224489796
48.02467120181406
48.03628117913832
48.04789115646258
48.059501133786846
48.07111111111111
48.08272108843538
48.09433106575964
48.1059410430839
48.117551020408165
48.12916099773243
48.14077097505669
48.15238095238095
48.163990929705214
48.17560090702948
48.18721088435374
48.198820861678
48.21043083900227
48.22204081632653
48.233650793650796
48.24526077097506
48.25687074829932
48.26848072562358
48.280090702947845
48.29170068027211
48.30331065759637
48.31492063492063
48.326530612244895
48.338140589569164
48.34975056689343
48.36136054421769
48.37297052154195
48.384580498866214
48.396190476190476
48.40780045351474
48.419410430839
48.43102040816326
48.442630385487526
48.45424036281179
48.46585034013606
48.47746031746032
48.48907029478458
48.500680272108845
48.51229024943311
48.52390022675737
48.53551020408163
48.547120181405894
48.55873015873016
48.57034013605442
48.58195011337868
48.59356009070295
48.60517006802721
48.616780045351476
48.62839002267574
48.64
48.65160997732426
48.663219954648525
48.67482993197279
48.68643990929705
48.69804988662131
48.709659863945575
48.721269841269844
48.73287981859411
48.74448979591837
48.75609977324263
48.767709750566894
48.779319727891156
48.79092970521542
48.80253968253968
48.81414965986394
48.825759637188206
48.83736961451247
48.84897959183674
48.860589569161
48.87219954648526
48.883809523809525
48.89541950113379
48.90702947845805
48.91863945578231
48.930249433106574
48.94185941043084
48.9534693877551
48.96507936507936
48.97668934240363
48.98829931972789
48.999909297052156
49.01151927437642
49.02312925170068
49.03473922902494
49.046349206349205
49.05795918367347
49.06956916099773
49.08117913832199
49.092789115646255
49.104399092970525
49.11600907029479
49.12761904761905
49.13922902494331
49.150839002267574
49.16244897959184
49.1740589569161
49.18566893424036
49.197278911564624
49.208888888888886
49.22049886621315
49.23210884353742
49.24371882086168
49.25532879818594
49.266938775510205
49.27854875283447
49.29015873015873
49.30176870748299
49.313378684807255
49.32498866213152
49.33659863945578
49.34820861678005
49.35981859410431
49.371428571428574
49.383038548752836
49.3946485260771
49.40625850340136
49.41786848072562
49.429478458049886
49.44108843537415
49.45269841269841
49.46430839002267
49.47591836734694
49.487528344671205
49.49913832199547
49.51074829931973
49.52235827664399
49.533968253968254
49.54557823129252
49.55718820861678
49.56879818594104
49.580408163265304
49.592018140589566
49.603628117913836
49.6152380952381
49.62684807256236
49.63845804988662
49.650068027210885
49.66167800453515
49.67328798185941
49.68489795918367
49.696507936507935
49.7081179138322
49.71972789115646
49.73133786848073
49.74294784580499
49.754557823129254
49.766167800453516
49.77777777777778
49.78938775510204
49.8009977324263
49.812607709750566
49.82421768707483
49.83582766439909
49.84743764172335
49.85904761904762
49.870657596371885
49.88226757369615
49.89387755102041
49.90548752834467
49.917097505668934
49.9287074829932
49.94031746031746
49.95192743764172
49.963537414965984
49.975147392290246
49.986757369614516
49.99836734693878
50.00997732426304
50.0215873015873
50.033197278911565
50.04480725623583
50.05641723356009
50.06802721088435
50.079637188208615
50.09124716553288
50.10285714285714
50.11446712018141
50.12607709750567
50.137687074829934
50.149297052154196
50.16090702947846
50.17251700680272
50.18412698412698
50.195736961451246
50.20734693877551
50.21895691609977
50.23056689342403
50.2421768707483
50.253786848072565
50.26539682539683
50.27700680272109
50.28861678004535
50.300226757369614
50.31183673469388
50.32344671201814
50.3350566893424
50.346666666666664
50.358276643990926
50.369886621315196
50.38149659863946
50.39310657596372
50.40471655328798
50.416326530612245
50.42793650793651
50.43954648526077
50.45115646258503
50.462766439909295
50.47437641723356
50.48598639455782
50.49759637188209
50.50920634920635
50.520816326530614
50.532426303854876
50.54403628117914
50.5556462585034
50.567256235827664
50.578866213151926
50.59047619047619
50.60208616780045
50.61369614512471
50.62530612244898
50.636916099773245
50.64852607709751
50.66013605442177
50.67174603174603
50.683356009070295
50.69496598639456
50.70657596371882
50.71818594104308
50.729795918367344
50.74140589569161
50.753015873015876
50.76462585034014
50.7762358276644
50.78784580498866
50.799455782312926
50.81106575963719
50.82267573696145
50.83428571428571
50.845895691609975
50.85750566893424
50.8691156462585
50.88072562358277
50.89233560090703
50.903945578231294
50.91555555555556
50.92716553287982
50.93877551020408
50.950385487528344
50.961995464852606
50.97360544217687
50.98521541950113
50.99682539682539
51.00843537414966
51.020045351473925
51.03165532879819
51.04326530612245
51.05487528344671
51.066485260770975
51.07809523809524
51.0897052154195
51.10131519274376
51.112925170068024
51.124535147392294
51.136145124716556
51.14775510204082
51.15936507936508
51.17097505668934
51.182585034013606
51.19419501133787
51.20580498866213
51.21741496598639
51.229024943310655
51.24063492063492
51.25224489795919
51.26385487528345
51.27546485260771
51.287074829931974
51.29868480725624
51.3102947845805
51.32190476190476
51.333514739229024
51.345124716553286
51.35673469387755
51.36834467120181
51.37995464852608
51.39156462585034
51.403174603174605
51.41478458049887
51.42639455782313
51.43800453514739
51.449614512471655
51.46122448979592
51.47283446712018
51.48444444444444
51.496054421768704
51.507664399092974
51.519274376417236
51.5308843537415
51.54249433106576
51.55410430839002
51.565714285714286
51.57732426303855
51.58893424036281
51.60054421768707
51.612154195011335
51.6237641723356
51.63537414965987
51.64698412698413
51.65859410430839
51.670204081632654
51.68181405895692
51.69342403628118
51.70503401360544
51.716643990929704
51.728253968253966
51.73986394557823
51.75147392290249
51.76308390022676
51.77469387755102
51.786303854875285
51.79791383219955
51.80952380952381
51.82113378684807
51.832743764172335
51.8443537414966
51.85596371882086
51.86757369614512
51.879183673469385
51.890793650793654
51.902403628117916
51.91401360544218
51.92562358276644
51.937233560090704
51.948843537414966
51.96045351473923
51.97206349206349
51.98367346938775
51.995283446712016
52.00689342403628
52.01850340136055
52.03011337868481
52.04172335600907
52.053333333333335
52.0649433106576
52.07655328798186
52.08816326530612
52.099773242630384
52.11138321995465
52.12299319727891
52.13460317460317
52.14621315192744
52.1578231292517
52.169433106575966
52.18104308390023
52.19265306122449
52.20426303854875
52.215873015873015
52.22748299319728
52.23909297052154
52.2507029478458
52.262312925170065
52.273922902494334
52.2855328798186
52.29714285714286
52.30875283446712
52.320362811791384
52.331972789115646
52.34358276643991
52.35519274376417
52.36680272108843
52.378412698412696
52.39002267573696
52.40163265306123
52.41324263038549
52.42485260770975
52.436462585034015
52.44807256235828
52.45968253968254
52.4712925170068
52.482902494331064
52.49451247165533
52.50612244897959
52.51773242630385
52.52934240362812
52.54095238095238
52.552562358276646
52.56417233560091
52.57578231292517
52.58739229024943
52.599002267573695
52.61061224489796
52.62222222222222
52.63383219954648
52.645442176870745
52.657052154195014
52.66866213151928
52.68027210884354
52.6918820861678
52.703492063492064
52.715102040816326
52.72671201814059
52.73832199546485
52.74993197278911
52.761541950113376
52.773151927437645
52.78476190476191
52.79637188208617
52.80798185941043
52.819591836734695
52.83120181405896
52.84281179138322
52.85442176870748
52.866031746031744
52.87764172335601
52.88925170068027
52.90086167800454
52.9124716553288
52.92408163265306
52.935691609977326
52.94730158730159
52.95891156462585
52.97052154195011
52.982131519274375
52.99374149659864
53.0053514739229
53.01696145124716
53.02857142857143
53.040181405895694
53.05179138321996
53.06340136054422
53.07501133786848
53.086621315192744
53.098231292517006
53.10984126984127
53.12145124716553
53.13306122448979
53.144671201814056
53.156281179138325
53.16789115646259
53.17950113378685
53.19111111111111
53.202721088435375
53.21433106575964
53.2259410430839
53.23755102040816
53.249160997732425
53.26077097505669
53.27238095238095
53.28399092970522
53.29560090702948
53.30721088435374
53.318820861678006
53.33043083900227
53.34204081632653
53.35365079365079
53.365260770975055
53.37687074829932
53.38848072562358
53.40009070294784
53.41170068027211
53.423310657596375
53.43492063492064
53.4465306122449
53.45814058956916
53.469750566893424
53.48136054421769
53.49297052154195
53.50458049886621
53.516190476190474
53.527800453514736
53.539410430839006
53.55102040816327
53.56263038548753
53.57424036281179
53.585850340136055
53.59746031746032
53.60907029478458
53.62068027210884
53.632290249433105
53.64390022675737
53.65551020408163
53.6671201814059
53.67873015873016
53.690340136054424
53.701950113378686
53.71356009070295
53.72517006802721
53.73678004535147
53.748390022675736
53.76
53.77160997732426
53.78321995464852
53.79482993197279
53.806439909297055
53.81804988662132
53.82965986394558
53.84126984126984
53.852879818594104
53.86448979591837
53.87609977324263
53.88770975056689
53.899319727891154
53.910929705215416
53.922539682539686
53.93414965986395
53.94575963718821
53.95736961451247
53.968979591836735
53.980589569161
53.99219954648526
54.00380952380952
54.015419501133785
54.02702947845805
54.03863945578231
54.05024943310658
54.06185941043084
54.073469387755104
54.085079365079366
54.09668934240363
54.10829931972789
54.11990929705215
54.131519274376416
54.14312925170068
54.15473922902494
54.1663492063492
54.17795918367347
54.189569160997735
54.201179138322
54.21278911564626
54.22439909297052
54.236009070294784
54.24761904761905
54.25922902494331
54.27083900226757
54.282448979591834
54.294058956916096
54.305668934240366
54.31727891156463
54.32888888888889
54.34049886621315
54.352108843537415
54.36371882086168
54.37532879818594
54.3869387755102
54.398548752834465
54.41015873015873
54.42176870748299
54.43337868480726
54.44498866213152
54.456598639455784
54.468208616780046
54.47981859410431
54.49142857142857
54.50303854875283
54.514648526077096
54.52625850340136
54.53786848072562
54.54947845804989
54.56108843537415
54.572698412698415
54.58430839002268
54.59591836734694
54.6075283446712
54.619138321995464
54.63074829931973
54.64235827664399
54.65396825396825
54.665578231292514
54.67718820861678
54.688798185941046
54.70040816326531
54.71201814058957
54.72362811791383
54.735238095238095
54.74684807256236
54.75845804988662
54.77006802721088
54.781678004535145
54.79328798185941
54.80489795918368
54.81650793650794
54.8281179138322
54.839727891156464
54.85133786848073
54.86294784580499
54.87455782312925
54.886167800453514
54.897777777777776
54.90938775510204
54.9209977324263
54.93260770975057
54.94421768707483
54.955827664399095
54.96743764172336
54.97904761904762
54.99065759637188
55.002267573696145
55.01387755102041
55.02548752834467
55.03709750566893
55.048707482993194
55.060317460317464
55.071927437641726
55.08353741496599
55.09514739229025
55.10675736961451
55.118367346938776
55.12997732426304
55.1415873015873
55.15319727891156
55.164807256235825
55.17641723356009
55.18802721088436
55.19963718820862
55.21124716553288
55.222857142857144
55.23446712018141
55.24607709750567
55.25768707482993
55.269297052154194
55.280907029478456
55.29251700680272
55.30412698412698
55.31573696145125
55.32734693877551
55.338956916099775
55.35056689342404
55.3621768707483
55.37378684807256
55.385396825396825
55.39700680272109
55.40861678004535
55.42022675736961
55.431836734693874
55.443446712018144
55.455056689342406
55.46666666666667
55.47827664399093
55.48988662131519
55.501496598639456
55.51310657596372
55.52471655328798
55.53632653061224
55.547936507936505
55.55954648526077
55.57115646258504
55.5827664399093
55.59437641723356
55.605986394557824
55.61759637188209
55.62920634920635
55.64081632653061
55.652426303854874
55.664036281179136
55.6756462585034
55.68725623582766
55.69886621315193
55.71047619047619
55.722086167800455
55.73369614512472
55.74530612244898
55.75691609977324
55.768526077097505
55.78013605442177
55.79174603174603
55.80335600907029
55.814965986394554
55.826575963718824
55.838185941043086
55.84979591836735
55.86140589569161
55.87301587301587
55.884625850340136
55.8962358276644
55.90784580498866
55.91945578231292
55.931065759637185
55.94267573696145
55.95428571428572
55.96589569160998
55.97750566893424
55.989115646258504
56.00072562358277
56.01233560090703
56.02394557823129
56.035555555555554
56.047165532879816
56.05877551020408
56.07038548752834
56.08199546485261
56.09360544217687
56.105215419501135
56.1168253968254
56.12843537414966
56.14004535147392
56.151655328798185
56.16326530612245
56.17487528344671
56.18648526077097
56.198095238095235
56.209705215419504
56.221315192743766
56.23292517006803
56.24453514739229
56.256145124716554
56.267755102040816
56.27936507936508
56.29097505668934
56.3025850340136
56.314195011337866
56.325804988662135
56.3374149659864
56.34902494331066
56.36063492063492
56.372244897959185
56.38385487528345
56.39546485260771
56.40707482993197
56.418684807256234
56.4302947845805
56.44190476190476
56.45351473922903
56.46512471655329
56.47673469387755
56.488344671201816
56.49995464852608
56.51156462585034
56.5231746031746
56.534784580498865
56.54639455782313
56.55800453514739
56.56961451247165
56.58122448979592
56.592834467120184
56.60444444444445
56.61605442176871
56.62766439909297
56.639274376417234
56.650884353741496
56.66249433106576
56.67410430839002
56.68571428571428
56.697324263038546
56.708934240362815
56.72054421768708
56.73215419501134
56.7437641723356
56.755374149659865
56.76698412698413
56.77859410430839
56.79020408163265
56.801814058956914
56.81342403628118
56.82503401360544
56.83664399092971
56.84825396825397
56.85986394557823
56.871473922902496
56.88308390022676
56.89469387755102
56.90630385487528
56.917913832199545
56.92952380952381
56.94113378684807
56.95274376417233
56.9643537414966
56.975963718820864
56.98757369614513
56.99918367346939
57.01079365079365
57.022403628117914
57.034013605442176
57.04562358276644
57.0572335600907
57.06884353741496
57.080453514739226
57.092063492063495
57.10367346938776
57.11528344671202
57.12689342403628
57.138503401360545
57.15011337868481
57.16172335600907
57.17333333333333
57.184943310657594
57.19655328798186
57.20816326530612
57.21977324263039
57.23138321995465
57.24299319727891
57.254603174603176
57.26621315192744
57.2778231292517
57.28943310657596
57.301043083900225
57.31265306122449
57.32426303854875
57.33587301587301
57.34748299319728
57.359092970521544
57.37070294784581
57.38231292517007
57.39392290249433
57.405532879818594
57.417142857142856
57.42875283446712
57.44036281179138
57.45197278911564
57.463582766439906
57.475192743764175
57.48680272108844
57.4984126984127
57.51002267573696
57.521632653061225
57.53324263038549
57.54485260770975
57.55646258503401
57.568072562358275
57.57968253968254
57.5912925170068
57.60290249433107
57.61451247165533
57.626122448979594
57.637732426303856
57.64934240362812
57.66095238095238
57.67256235827664
57.684172335600906
57.69578231292517
57.70739229024943
57.71900226757369
57.73061224489796
57.742222222222225
57.75383219954649
57.76544217687075
57.77705215419501
57.788662131519274
57.80027210884354
57.8118820861678
57.82349206349206
57.835102040816324
57.846712018140586
57.858321995464856
57.86993197278912
57.88154195011338
57.89315192743764
57.904761904761905
57.91637188208617
57.92798185941043
57.93959183673469
57.951201814058955
57.96281179138322
57.97442176870749
57.98603174603175
57.99764172335601
58.009251700680274
58.020861678004536
58.0324716553288
58.04408163265306
58.05569160997732
58.067301587301586
58.07891156462585
58.09052154195011
58.10213151927438
58.11374149659864
58.125351473922905
58.13696145124717
58.14857142857143
58.16018140589569
58.171791383219954
58.18340136054422
58.19501133786848
58.20662131519274
58.218231292517004
58.22984126984127
58.241451247165536
58.2530612244898
58.26467120181406
58.27628117913832
58.287891156462585
58.29950113378685
58.31111111111111
58.32272108843537
58.334331065759635
58.3459410430839
58.35755102040817
58.36916099773243
58.38077097505669
58.392380952380954
58.403990929705216
58.41560090702948
58.42721088435374
58.438820861678
58.450430839002266
58.46204081632653
58.47365079365079
58.48526077097506
58.49687074829932
58.508480725623585
58.52009070294785
58.53170068027211
58.54331065759637
58.554920634920634
58.5665306122449
58.57814058956916
58.58975056689342
58.601360544217684
58.61297052154195
58.624580498866216
58.63619047619048
58.64780045351474
58.659410430839
58.671020408163265
58.68263038548753
58.69424036281179
58.70585034013605
58.717460317460315
58.72907029478458
58.74068027210885
58.75229024943311
58.76390022675737
58.775510204081634
58.787120181405896
58.79873015873016
58.81034013605442
58.82195011337868
58.833560090702946
58.84517006802721
58.85678004535147
58.86839002267574
58.88
58.891609977324265
58.90321995464853
58.91482993197279
58.92643990929705
58.938049886621314
58.94965986394558
58.96126984126984
58.9728798185941
58.984489795918364
58.99609977324263
59.007709750566896
59.01931972789116
59.03092970521542
59.04253968253968
59.054149659863945
59.06575963718821
59.07736961451247
59.08897959183673
59.100589569160995
59.11219954648526
59.12380952380953
59.13541950113379
59.14702947845805
59.158639455782314
59.17024943310658
59.18185941043084
59.1934693877551
59.205079365079364
59.216689342403626
59.22829931972789
59.23990929705215
59.25151927437642
59.26312925170068
59.274739229024945
59.28634920634921
59.29795918367347
59.30956916099773
59.321179138321995
59.33278911564626
59.34439909297052
59.35600907029478
59.367619047619044
59.379229024943314
59.390839002267576
59.40244897959184
59.4140589569161
59.42566893424036
59.437278911564626
59.44888888888889
59.46049886621315
59.47210884353741
59.483718820861675
59.49532879818594
59.50693877551021
59.51854875283447
59.53015873015873
59.541768707482994
59.55337868480726
59.56498866213152
59.57659863945578
59.588208616780044
59.599818594104306
59.61142857142857
59.62303854875283
59.6346485260771
59.64625850340136
59.657868480725625
59.66947845804989
59.68108843537415
59.69269841269841
59.704308390022675
59.71591836734694
59.7275283446712
59.73913832199546
59.75074829931973
59.762358276643994
59.773968253968256
59.78557823129252
59.79718820861678
59.80879818594104
59.820408163265306
59.83201814058957
59.84362811791383
59.85523809523809
59.866848072562355
59.878458049886625
59.89006802721089
59.90167800453515
59.91328798185941
59.924897959183674
59.93650793650794
59.9481179138322
59.95972789115646
59.971337868480724
59.982947845804986
59.99455782312925
60.00616780045352
60.01777777777778
60.02938775510204
60.040997732426305
60.05260770975057
60.06421768707483
60.07582766439909
60.087437641723355
60.09904761904762
60.11065759637188
60.12226757369614
60.13387755102041
60.145487528344674
60.157097505668936
60.1687074829932
60.18031746031746
60.19192743764172
60.203537414965986
60.21514739229025
60.22675736961451
60.23836734693877
0.0
86.1328125
172.265625
258.3984375
344.53125
430.6640625
516.796875
602.9296875
689.0625
775.1953125
861.328125
947.4609375
1033.59375
1119.7265625
1205.859375
1291.9921875
1378.125
1464.2578125
1550.390625
1636.5234375
1722.65625
1808.7890625
1894.921875
1981.0546875
2067.1875
2153.3203125
2239.453125
2325.5859375
2411.71875
2497.8515625
2583.984375
2670.1171875
2756.25
2842.3828125
2928.515625
3014.6484375
3100.78125
3186.9140625
3273.046875
3359.1796875
3445.3125
3531.4453125
3617.578125
3703.7109375
3789.84375
3875.9765625
3962.109375
4048.2421875
4134.375
4220.5078125
4306.640625
4392.7734375
4478.90625
4565.0390625
4651.171875
4737.3046875
4823.4375
4909.5703125
4995.703125
5081.8359375
5167.96875
5254.1015625
5340.234375
5426.3671875
5512.5
5598.6328125
5684.765625
5770.8984375
5857.03125
5943.1640625
6029.296875
6115.4296875
6201.5625
6287.6953125
6373.828125
6459.9609375
6546.09375
6632.2265625
6718.359375
6804.4921875
6890.625
6976.7578125
7062.890625
7149.0234375
7235.15625
7321.2890625
7407.421875
7493.5546875
7579.6875
7665.8203125
7751.953125
7838.0859375
7924.21875
8010.3515625
8096.484375
8182.6171875
8268.75
8354.8828125
8441.015625
8527.1484375
8613.28125
8699.4140625
8785.546875
8871.6796875
8957.8125
9043.9453125
9130.078125
9216.2109375
9302.34375
9388.4765625
9474.609375
9560.7421875
9646.875
9733.0078125
9819.140625
9905.2734375
9991.40625
10077.5390625
10163.671875
10249.8046875
10335.9375
10422.0703125
10508.203125
10594.3359375
10680.46875
10766.6015625
10852.734375
10938.8671875
11025.0
11111.1328125
11197.265625
11283.3984375
11369.53125
11455.6640625
11541.796875
11627.9296875
11714.0625
11800.1953125
11886.328125
11972.4609375
12058.59375
12144.7265625
12230.859375
12316.9921875
12403.125
12489.2578125
12575.390625
12661.5234375
12747.65625
12833.7890625
12919.921875
13006.0546875
13092.1875
13178.3203125
13264.453125
13350.5859375
13436.71875
13522.8515625
13608.984375
13695.1171875
13781.25
13867.3828125
13953.515625
14039.6484375
14125.78125
14211.9140625
14298.046875
14384.1796875
14470.3125
14556.4453125
14642.578125
14728.7109375
14814.84375
14900.9765625
14987.109375
15073.2421875
15159.375
15245.5078125
15331.640625
15417.7734375
15503.90625
15590.0390625
15676.171875
15762.3046875
15848.4375
15934.5703125
16020.703125
16106.8359375
16192.96875
16279.1015625
16365.234375
16451.3671875
16537.5
16623.6328125
16709.765625
16795.8984375
16882.03125
16968.1640625
17054.296875
17140.4296875
17226.5625
17312.6953125
17398.828125
17484.9609375
17571.09375
17657.2265625
17743.359375
17829.4921875
17915.625
18001.7578125
18087.890625
18174.0234375
18260.15625
18346.2890625
18432.421875
18518.5546875
18604.6875
18690.8203125
18776.953125
18863.0859375
18949.21875
19035.3515625
19121.484375
19207.6171875
19293.75
19379.8828125
19466.015625
19552.1484375
19638.28125
19724.4140625
19810.546875
19896.6796875
19982.8125
20068.9453125
20155.078125
20241.2109375
20327.34375
20413.4765625
20499.609375
20585.7421875
20671.875
20758.0078125
20844.140625
20930.2734375
21016.40625
21102.5390625
21188.671875
21274.8046875
21360.9375
21447.0703125
21533.203125
21619.3359375
21705.46875
21791.6015625
21877.734375
21963.8671875
22050.0
